# 20260616_110733
# initdata:	data/PbPb276_cc_(0,5)plus5/initdata.csv
# freezeout file: 	data/PbPb276_cc_(0,5)plus5/freezeout.csv
# particle mass:	1.60571
# NpT:	400
# pTmax:	4
# epsabs:	0
# epsrel:	1e-05
# integr iter:	10000
pT,spec
0,81258.1
0.0100251,79775.7
0.0200501,75476.7
0.0300752,68783.5
0.0401003,60328.9
0.0501253,50864.4
0.0601504,41157.4
0.0701754,31896
0.0802005,23617.4
0.0902256,16669.2
0.100251,11205
0.110276,7208.86
0.120301,4536.36
0.130326,2962.29
0.140351,2224.05
0.150376,2056.25
0.160401,2216.2
0.170426,2501.85
0.180451,2764.02
0.190476,2913.03
0.200501,2917.56
0.210526,2794.29
0.220551,2589.04
0.230576,2354.23
0.240602,2129.54
0.250627,1932.51
0.260652,1761.23
0.270677,1605.55
0.280702,1459.4
0.290727,1326.64
0.300752,1217.81
0.310777,1140.92
0.320802,1093.45
0.330827,1061.77
0.340852,1028.52
0.350877,983.045
0.360902,927.2
0.370927,872.411
0.380952,830.089
0.390977,802.557
0.401003,781.304
0.411028,753.814
0.421053,713.57
0.431078,665.24
0.441103,620.898
0.451128,590.307
0.461153,573.183
0.471178,559.831
0.481203,539.596
0.491228,509.959
0.501253,478.486
0.511278,455.911
0.521303,446.373
0.531328,443.454
0.541353,435.646
0.551378,416.524
0.561404,390.412
0.571429,368.368
0.581454,357.952
0.591479,356.143
0.601504,352.041
0.611529,336.981
0.621554,312.678
0.631579,289.72
0.641604,277.712
0.651629,276.395
0.661654,276.185
0.671679,267.569
0.681704,250.241
0.691729,233.064
0.701754,225.045
0.711779,226.34
0.721805,228.249
0.73183,222.095
0.741855,207.859
0.75188,193.829
0.761905,187.781
0.77193,188.95
0.781955,189.096
0.79198,181.362
0.802005,167.462
0.81203,155.644
0.822055,151.84
0.83208,153.606
0.842105,153.248
0.85213,146.439
0.862155,136.718
0.87218,131.083
0.882206,131.885
0.892231,134.223
0.902256,131.674
0.912281,123.61
0.922306,115.694
0.932331,113.123
0.942356,114.561
0.952381,113.846
0.962406,107.34
0.972431,98.2427
0.982456,92.8047
0.992481,93.0366
1.00251,94.5801
1.01253,92.1593
1.02256,85.9295
1.03258,81.0832
1.04261,81.3398
1.05263,84.3563
1.06266,84.6317
1.07268,80.2016
1.08271,74.8144
1.09273,73.0051
1.10276,74.3588
1.11278,74.1785
1.12281,69.6099
1.13283,63.3665
1.14286,60.293
1.15288,61.1987
1.16291,61.9077
1.17293,58.7684
1.18296,53.5061
1.19298,51.0923
1.20301,53.3136
1.21303,56.3476
1.22306,55.5344
1.23308,51.2186
1.24311,48.1275
1.25313,49.1293
1.26316,51.5077
1.27318,50.5537
1.28321,45.7063
1.29323,41.1988
1.30326,40.4818
1.31328,41.8707
1.32331,41.1001
1.33333,37.2133
1.34336,33.8419
1.35338,34.2472
1.36341,36.8992
1.37343,37.557
1.38346,34.9551
1.39348,32.3658
1.40351,32.9868
1.41353,35.515
1.42356,35.9058
1.43358,32.8208
1.44361,29.3007
1.45363,28.5171
1.46366,29.5728
1.47368,29.0672
1.48371,26.0268
1.49373,23.2528
1.50376,23.3235
1.51378,25.0198
1.52381,25.1848
1.53383,23.244
1.54386,21.8973
1.55388,23.0738
1.56391,25.0227
1.57393,24.7342
1.58396,22.1984
1.59398,20.3848
1.60401,20.9932
1.61404,22.0857
1.62406,20.9596
1.63409,18.0719
1.64411,16.3794
1.65414,17.127
1.66416,18.1996
1.67419,17.3356
1.68421,15.4245
1.69424,15.0901
1.70426,16.7228
1.71429,17.8311
1.72431,16.6524
1.73434,14.6895
1.74436,14.4699
1.75439,15.8495
1.76441,16.2832
1.77444,14.593
1.78446,12.658
1.79449,12.61
1.80451,13.7619
1.81454,13.7706
1.82456,12.1731
1.83459,10.9843
1.84461,11.567
1.85464,12.5726
1.86466,12.0369
1.87469,10.3964
1.88471,9.83899
1.89474,10.9954
1.90476,11.9928
1.91479,11.2797
1.92481,9.92384
1.93484,9.93275
1.94486,11.1901
1.95489,11.6501
1.96491,10.4297
1.97494,9.07485
1.98496,9.13857
1.99499,9.84326
2.00501,9.38033
2.01504,7.77516
2.02506,6.89018
2.03509,7.59947
2.04511,8.51329
2.05514,8.17443
2.06516,7.28797
2.07519,7.54804
2.08521,8.92618
2.09524,9.63846
2.10526,8.81382
2.11529,7.72615
2.12531,7.73684
2.13534,8.20637
2.14536,7.60388
2.15539,6.01548
2.16541,5.10452
2.17544,5.60697
2.18546,6.28642
2.19549,5.9353
2.20551,5.24129
2.21554,5.60545
2.22556,6.82848
2.23559,7.33073
2.24561,6.55453
2.25564,5.77283
2.26566,6.06458
2.27569,6.6573
2.28571,6.20274
2.29574,4.92308
2.30576,4.26099
2.31579,4.65447
2.32581,4.96528
2.33584,4.38478
2.34586,3.72108
2.35589,4.04553
2.36591,4.9219
2.37594,5.05947
2.38596,4.31834
2.39599,3.86437
2.40602,4.27833
2.41604,4.67815
2.42607,4.22241
2.43609,3.51891
2.44612,3.6548
2.45614,4.42135
2.46617,4.59985
2.47619,3.84488
2.48622,3.16963
2.49624,3.30769
2.50627,3.61186
2.51629,3.20634
2.52632,2.45613
2.53634,2.37122
2.54637,2.9619
2.55639,3.24029
2.56642,2.84267
2.57644,2.61005
2.58647,3.18441
2.59649,3.91395
2.60652,3.84172
2.61654,3.1704
2.62657,2.86102
2.63659,3.07368
2.64662,2.99298
2.65664,2.2638
2.66667,1.64179
2.67669,1.80161
2.68672,2.27944
2.69674,2.27213
2.70677,1.94863
2.71679,2.11316
2.72682,2.80192
2.73684,3.14813
2.74687,2.7499
2.75689,2.29344
2.76692,2.42786
2.77694,2.7366
2.78697,2.47676
2.79699,1.83828
2.80702,1.65161
2.81704,2.04566
2.82707,2.26339
2.83709,1.90716
2.84712,1.55098
2.85714,1.74618
2.86717,2.10532
2.87719,1.97174
2.88722,1.52754
2.89724,1.49011
2.90727,1.92048
2.91729,2.13565
2.92732,1.8578
2.93734,1.6729
2.94737,2.03361
2.95739,2.4675
2.96742,2.30654
2.97744,1.73664
2.98747,1.46097
2.99749,1.57237
3.00752,1.49906
3.01754,1.05347
3.02757,0.791649
3.03759,1.09143
3.04762,1.5163
3.05764,1.53167
3.06767,1.36038
3.07769,1.54665
3.08772,1.97997
3.09774,2.03267
3.10777,1.58722
3.11779,1.2387
3.12782,1.33935
3.13784,1.47358
3.14787,1.20666
3.15789,0.826569
3.16792,0.850472
3.17794,1.15819
3.18797,1.21155
3.19799,0.961726
3.20802,0.901177
3.21805,1.19248
3.22807,1.37163
3.2381,1.1333
3.24812,0.862189
3.25815,1.0041
3.26817,1.33251
3.2782,1.3392
3.28822,1.08065
3.29825,1.05632
3.30827,1.33942
3.3183,1.43409
3.32832,1.09467
3.33835,0.728076
3.34837,0.722957
3.3584,0.853444
3.36842,0.740659
3.37845,0.544177
3.38847,0.689897
3.3985,1.11096
3.40852,1.31489
3.41855,1.17487
3.42857,1.10413
3.4386,1.32129
3.44862,1.45967
3.45865,1.18592
3.46867,0.780046
3.4787,0.697992
3.48872,0.857295
3.49875,0.835446
3.50877,0.611883
3.5188,0.583714
3.52882,0.851839
3.53885,1.02048
3.54887,0.858802
3.5589,0.688908
3.56892,0.832436
3.57895,1.06007
3.58897,0.984905
3.599,0.730262
3.60902,0.732712
3.61905,1.00963
3.62907,1.12712
3.6391,0.916755
3.64912,0.733208
3.65915,0.837114
3.66917,0.960219
3.6792,0.774253
3.68922,0.449815
3.69925,0.369452
3.70927,0.511714
3.7193,0.551224
3.72932,0.460664
3.73935,0.55015
3.74937,0.881141
3.7594,1.08924
3.76942,0.948851
3.77945,0.730253
3.78947,0.744159
3.7995,0.844795
3.80952,0.718004
3.81955,0.439914
3.82957,0.35301
3.8396,0.4914
3.84962,0.544237
3.85965,0.400904
3.86967,0.328143
3.8797,0.48612
3.88972,0.634773
3.89975,0.539967
3.90977,0.373461
3.9198,0.416528
3.92982,0.582005
3.93985,0.5763
3.94987,0.414549
3.9599,0.398055
3.96992,0.594295
3.97995,0.711081
3.98997,0.574112
4,0.393488
