# 20250602_134202
# initdata:	data/examplescenario/initdata.csv
# freezeout file: 	data/examplescenario/freezeout.csv
# particle mass:	1.7005
# NpT:	300
# pTmax:	3
# epsabs:	0
# epsrel:	1e-05
# integr iter:	1000
pT,spec
0,13332.1
0.0100334,13223.6
0.0200669,12904.5
0.0301003,12394.3
0.0401338,11723.5
0.0501672,10931.1
0.0602007,10061.4
0.0702341,9159.1
0.0802676,8264.87
0.090301,7411.27
0.100334,6619.79
0.110368,5900.05
0.120401,5251.52
0.130435,4667.21
0.140468,4138.53
0.150502,3659.6
0.160535,3229.72
0.170569,2852.99
0.180602,2535.39
0.190635,2280.34
0.200669,2085.02
0.210702,1938.92
0.220736,1825.71
0.230769,1727.71
0.240803,1631.27
0.250836,1530.56
0.26087,1428.16
0.270903,1332.07
0.280936,1250.54
0.29097,1187.16
0.301003,1138.73
0.311037,1096.84
0.32107,1052.24
0.331104,999.723
0.341137,940.762
0.351171,882.369
0.361204,832.881
0.371237,797.016
0.381271,773.045
0.391304,753.815
0.401338,730.979
0.411371,699.937
0.421405,662.443
0.431438,625.264
0.441472,595.71
0.451505,576.885
0.461538,565.702
0.471572,554.966
0.481605,538.169
0.491639,513.781
0.501672,486.146
0.511706,462.343
0.521739,447.182
0.531773,439.833
0.541806,434.47
0.551839,424.48
0.561873,407.208
0.571906,385.791
0.58194,366.718
0.591973,354.925
0.602007,350.109
0.61204,347.027
0.622074,339.578
0.632107,325.499
0.64214,308.039
0.652174,293.296
0.662207,285.327
0.672241,282.937
0.682274,280.717
0.692308,273.489
0.702341,260.504
0.712375,245.96
0.722408,235.419
0.732441,231.122
0.742475,230.167
0.752508,227.067
0.762542,218.487
0.772575,206.066
0.782609,194.902
0.792642,189.035
0.802676,187.935
0.812709,187.069
0.822742,182.035
0.832776,172.509
0.842809,162.455
0.852843,156.44
0.862876,155.45
0.87291,156.055
0.882943,153.671
0.892977,146.851
0.90301,138.562
0.913043,133.294
0.923077,132.754
0.93311,134.271
0.943144,133.419
0.953177,128.281
0.963211,121.237
0.973244,116.538
0.983278,116.092
0.993311,117.606
1.00334,116.917
1.01338,112.125
1.02341,105.434
1.03344,100.851
1.04348,100.132
1.05351,101.057
1.06355,99.7876
1.07358,94.8229
1.08361,88.498
1.09365,84.5183
1.10368,84.1254
1.11371,84.8995
1.12375,83.3899
1.13378,78.7737
1.14381,73.6709
1.15385,71.3035
1.16388,72.0646
1.17391,73.1607
1.18395,71.6669
1.19398,67.6517
1.20401,64.0193
1.21405,63.2776
1.22408,64.7918
1.23411,65.5165
1.24415,63.3426
1.25418,59.3754
1.26421,56.6225
1.27425,56.625
1.28428,57.7804
1.29431,57.1955
1.30435,53.9495
1.31438,50.0858
1.32441,48.2752
1.33445,48.8153
1.34448,49.3873
1.35452,47.7748
1.36455,44.4047
1.37458,41.8073
1.38462,41.6772
1.39465,42.946
1.40468,43.0758
1.41472,41.0156
1.42475,38.3672
1.43478,37.437
1.44482,38.5021
1.45485,39.5019
1.46488,38.4769
1.47492,35.8473
1.48495,33.8509
1.49498,33.8595
1.50502,34.7811
1.51505,34.4298
1.52508,32.1658
1.53512,29.6429
1.54515,28.7996
1.55518,29.5574
1.56522,29.9902
1.57525,28.7117
1.58528,26.5449
1.59532,25.4714
1.60535,26.1839
1.61538,27.2532
1.62542,26.8942
1.63545,25.1327
1.64548,23.7052
1.65552,23.8678
1.66555,24.8414
1.67559,24.808
1.68562,23.1695
1.69565,21.2684
1.70569,20.6926
1.71572,21.3257
1.72575,21.5625
1.73579,20.3793
1.74582,18.6164
1.75585,17.8998
1.76589,18.5848
1.77592,19.3377
1.78595,18.8487
1.79599,17.4699
1.80602,16.71
1.81605,17.2674
1.82609,18.1322
1.83612,17.882
1.84615,16.4837
1.85619,15.2999
1.86622,15.3218
1.87625,15.9312
1.88629,15.7482
1.89632,14.4492
1.90635,13.1794
1.91639,13.0636
1.92642,13.7729
1.93645,13.9964
1.94649,13.1656
1.95652,12.1679
1.96656,12.1414
1.97659,12.9602
1.98662,13.3958
1.99666,12.7174
2.00669,11.6172
2.01672,11.2648
2.02676,11.7655
2.03679,12.0547
2.04682,11.3369
2.05686,10.1443
2.06689,9.62699
2.07692,10.0452
2.08696,10.4676
2.09699,10.0467
2.10702,9.14454
2.11706,8.81791
2.12709,9.37989
2.13712,9.97486
2.14716,9.71834
2.15719,8.85779
2.16722,8.40182
2.17726,8.74938
2.18729,9.16842
2.19732,8.80683
2.20736,7.85072
2.21739,7.26827
2.22742,7.51263
2.23746,7.94493
2.24749,7.73718
2.25753,7.00309
2.26756,6.62143
2.27759,7.01784
2.28763,7.57848
2.29766,7.48195
2.30769,6.80086
2.31773,6.36874
2.32776,6.62349
2.33779,7.01738
2.34783,6.78911
2.35786,6.01601
2.36789,5.50604
2.37793,5.69679
2.38796,6.08488
2.39799,5.95229
2.40803,5.36435
2.41806,5.06132
2.42809,5.41472
2.43813,5.90448
2.44816,5.83213
2.45819,5.2685
2.46823,4.92725
2.47826,5.16039
2.48829,5.47917
2.49833,5.25212
2.50836,4.59264
2.51839,4.20115
2.52843,4.40096
2.53846,4.717
2.54849,4.56803
2.55853,4.08407
2.56856,3.90781
2.5786,4.27369
2.58863,4.6713
2.59866,4.54933
2.6087,4.07016
2.61873,3.8575
2.62876,4.111
2.6388,4.33694
2.64883,4.05984
2.65886,3.49924
2.6689,3.26271
2.67893,3.50322
2.68896,3.73075
2.699,3.52681
2.70903,3.13516
2.71906,3.09846
2.7291,3.47405
2.73913,3.73998
2.74916,3.5273
2.7592,3.12308
2.76923,3.04559
2.77926,3.30714
2.7893,3.41178
2.79933,3.07636
2.80936,2.63935
2.8194,2.58309
2.82943,2.86039
2.83946,2.98412
2.8495,2.73372
2.85953,2.46157
2.86957,2.56985
2.8796,2.92029
2.88963,3.02276
2.89967,2.72537
2.9097,2.4162
2.91973,2.4587
2.92977,2.6801
2.9398,2.63875
2.94983,2.27366
2.95987,1.9964
2.9699,2.10434
2.97993,2.36584
2.98997,2.36737
3,2.10958
