# 20251208_101224
qT,primespec
0,102540
0.004004,101711
0.00800801,100814
0.012012,99320.2
0.016016,96687.1
0.02002,93490.9
0.024024,89796.3
0.028028,85490.7
0.032032,80895
0.036036,75872
0.04004,70643.9
0.044044,65273.7
0.048048,59796.8
0.0520521,54389.5
0.0560561,49033.3
0.0600601,43862.9
0.0640641,38920.3
0.0680681,34239.9
0.0720721,29907.4
0.0760761,25898.7
0.0800801,22283.6
0.0840841,19044.9
0.0880881,16183.8
0.0920921,13730.5
0.0960961,11605.1
0.1001,9854.81
0.104104,8413.23
0.108108,7242.3
0.112112,6368.34
0.116116,5671.72
0.12012,5179.18
0.124124,4846.2
0.128128,4604.91
0.132132,4474.87
0.136136,4394.92
0.14014,4340.68
0.144144,4306.51
0.148148,4279.74
0.152152,4238.78
0.156156,4177.65
0.16016,4100.62
0.164164,4000.12
0.168168,3875.01
0.172172,3740.3
0.176176,3589.37
0.18018,3434.72
0.184184,3281.52
0.188188,3129.86
0.192192,2989.6
0.196196,2858.08
0.2002,2737.84
0.204204,2630.42
0.208208,2532.48
0.212212,2442.14
0.216216,2359.47
0.22022,2280.33
0.224224,2202.8
0.228228,2127.41
0.232232,2052.26
0.236236,1977.06
0.24024,1904.19
0.244244,1833.74
0.248248,1766.45
0.252252,1706.14
0.256256,1650.97
0.26026,1602.64
0.264264,1562.05
0.268268,1526.6
0.272272,1494.89
0.276276,1467.29
0.28028,1439.93
0.284284,1410.77
0.288288,1380.37
0.292292,1346.51
0.296296,1308.22
0.3003,1267.69
0.304304,1225.09
0.308308,1181.18
0.312312,1140.24
0.316316,1100.93
0.32032,1066.43
0.324324,1038.15
0.328328,1013.98
0.332332,994.857
0.336336,980.079
0.34034,966.287
0.344344,952.151
0.348348,937.83
0.352352,920.42
0.356356,898.639
0.36036,874.004
0.364364,846.244
0.368368,815.728
0.372372,786.49
0.376376,757.347
0.38038,731.765
0.384384,711.257
0.388388,694.039
0.392392,682.326
0.396396,674.481
0.4004,667.772
0.404404,661.377
0.408408,655.264
0.412412,646.814
0.416416,634.218
0.42042,618.933
0.424424,600.819
0.428428,579.806
0.432432,559.806
0.436436,539.686
0.44044,522.773
0.444444,510.382
0.448448,500.559
0.452452,496.338
0.456456,494.814
0.46046,493.559
0.464464,491.99
0.468468,490.217
0.472472,486.986
0.476476,478.708
0.48048,467.47
0.484484,454.258
0.488488,438.359
0.492492,423.742
0.496496,409.388
0.500501,398.03
0.504505,390.915
0.508509,385.625
0.512513,384.235
0.516517,384.188
0.520521,384.135
0.524525,383.031
0.528529,379.61
0.532533,374.727
0.536537,365.344
0.540541,353.537
0.544545,340.886
0.548549,326.943
0.552553,315.335
0.556557,304.908
0.560561,297.507
0.564565,294.301
0.568569,292.248
0.572573,291.171
0.576577,290.731
0.580581,290.218
0.584585,287.823
0.588589,282.14
0.592593,275.269
0.596597,265.718
0.600601,255.501
0.604605,246.143
0.608609,237.292
0.612613,232.31
0.616617,229.367
0.620621,227.818
0.624625,228.501
0.628629,230.41
0.632633,231.073
0.636637,230.213
0.640641,228.545
0.644645,224.972
0.648649,218.074
0.652653,211.013
0.656657,203.188
0.660661,196.504
0.664665,192.501
0.668669,189.493
0.672673,188.73
0.676677,190.107
0.680681,191.502
0.684685,191.534
0.688689,191.304
0.692693,190.726
0.696697,186.485
0.700701,180.096
0.704705,173.399
0.708709,165.691
0.712713,159.714
0.716717,154.595
0.720721,151.45
0.724725,151.386
0.728729,151.754
0.732733,152.042
0.736737,152.25
0.740741,152.38
0.744745,151.195
0.748749,146.993
0.752753,142.192
0.756757,136.129
0.760761,130.245
0.764765,126.001
0.768769,122.449
0.772773,121.364
0.776777,122.095
0.780781,123.253
0.784785,124.456
0.788789,125.834
0.792793,126.268
0.796797,124.538
0.800801,121.556
0.804805,117.875
0.808809,112.967
0.812813,109.219
0.816817,106.269
0.820821,104.421
0.824825,104.649
0.828829,105.921
0.832833,107.115
0.836837,108.231
0.840841,109.021
0.844845,108.364
0.848849,105.576
0.852853,102.219
0.856857,97.6495
0.860861,93.0398
0.864865,89.7717
0.868869,87.0215
0.872873,86.1147
0.876877,86.632
0.880881,87.2827
0.884885,87.4854
0.888889,87.5931
0.892893,87.5701
0.896897,85.4055
0.900901,81.8098
0.904905,78.1098
0.908909,73.8154
0.912913,71.0668
0.916917,69.472
0.920921,68.5345
0.924925,68.9509
0.928929,70.7542
0.932933,72.1089
0.936937,72.8203
0.940941,73.2562
0.944945,72.6564
0.948949,70.0969
0.952953,67.3456
0.956957,64.0505
0.960961,61.495
0.964965,61.2603
0.968969,61.345
0.972973,61.5295
0.976977,63.4505
0.980981,65.8707
0.984985,66.4357
0.988989,66.6448
0.992993,66.6736
0.996997,64.6046
1.001,61.2235
1.00501,58.1658
1.00901,54.9181
1.01301,53.4349
1.01702,53.1755
1.02102,53.045
1.02503,53.3747
1.02903,54.6538
1.03303,55.3151
1.03704,54.7138
1.04104,53.4766
1.04505,51.5887
1.04905,48.3702
1.05305,45.5629
1.05706,43.1283
1.06106,41.4175
1.06507,41.365
1.06907,42.0124
1.07307,42.814
1.07708,43.9866
1.08108,45.0577
1.08509,45.0099
1.08909,44.1128
1.09309,42.9398
1.0971,40.9542
1.1011,39.064
1.10511,38.6164
1.10911,38.4591
1.11311,38.4182
1.11712,39.6089
1.12112,41.4614
1.12513,42.3173
1.12913,42.8527
1.13313,43.0442
1.13714,41.8801
1.14114,39.8131
1.14515,37.8502
1.14915,35.6368
1.15315,34.6475
1.15716,34.6196
1.16116,34.6059
1.16517,34.7971
1.16917,35.6354
1.17317,36.1217
1.17718,35.5489
1.18118,34.3466
1.18519,32.7311
1.18919,30.2097
1.19319,28.1598
1.1972,26.6668
1.2012,25.6358
1.20521,25.6653
1.20921,26.5232
1.21321,27.4581
1.21722,28.3375
1.22122,29.0651
1.22523,29.0049
1.22923,28.1109
1.23323,27.0522
1.23724,25.733
1.24124,24.5715
1.24525,24.4764
1.24925,24.9502
1.25325,25.6417
1.25726,27.0696
1.26126,28.6823
1.26527,28.9553
1.26927,28.955
1.27327,28.9536
1.27728,27.8271
1.28128,25.8566
1.28529,24.4168
1.28929,23.1134
1.29329,22.5293
1.2973,22.8382
1.3013,23.4356
1.30531,23.9355
1.30931,24.4454
1.31331,24.6932
1.31732,24.0016
1.32132,22.5807
1.32533,21.0376
1.32933,19.0463
1.33333,17.8687
1.33734,17.5587
1.34134,17.3821
1.34535,17.5593
1.34935,18.7016
1.35335,19.6211
1.35736,19.8353
1.36136,19.9609
1.36537,19.7746
1.36937,18.5946
1.37337,17.4637
1.37738,16.7124
1.38138,16.1538
1.38539,16.1815
1.38939,16.9569
1.39339,17.8663
1.3974,18.7026
1.4014,19.4412
1.40541,19.4821
1.40941,18.8399
1.41341,17.9772
1.41742,16.7261
1.42142,15.4447
1.42543,15.0586
1.42943,14.9319
1.43343,14.8836
1.43744,15.373
1.44144,16.2249
1.44545,16.4038
1.44945,16.2935
1.45345,16.0969
1.45746,15.3214
1.46146,14.1351
1.46547,13.4408
1.46947,12.9522
1.47347,12.7274
1.47748,13.1215
1.48148,13.9499
1.48549,14.5281
1.48949,14.9939
1.49349,15.2275
1.4975,14.7995
1.5015,13.8526
1.50551,12.9101
1.50951,11.7597
1.51351,11.1391
1.51752,11.1894
1.52152,11.336
1.52553,11.5972
1.52953,12.2509
1.53353,12.7078
1.53754,12.5492
1.54154,12.1283
1.54555,11.5231
1.54955,10.3892
1.55355,9.60449
1.55756,9.41255
1.56156,9.3005
1.56557,9.38437
1.56957,10.2157
1.57357,11.1315
1.57758,11.6251
1.58158,11.9966
1.58559,11.9994
1.58959,11.4226
1.59359,10.7832
1.5976,10.3025
1.6016,9.904
1.60561,9.87601
1.60961,10.3677
1.61361,10.9839
1.61762,11.5089
1.62162,11.9907
1.62563,12.0398
1.62963,11.4774
1.63363,10.6843
1.63764,9.64616
1.64164,8.50164
1.64565,7.93369
1.64965,7.61047
1.65365,7.46011
1.65766,7.67426
1.66166,8.12141
1.66567,8.2378
1.66967,8.10745
1.67367,7.88296
1.67768,7.31792
1.68168,6.52346
1.68569,6.21047
1.68969,6.0977
1.69369,6.04798
1.6977,6.38299
1.7017,7.2453
1.70571,7.91614
1.70971,8.46264
1.71371,8.7746
1.71772,8.61574
1.72172,8.20544
1.72573,7.83735
1.72973,7.44591
1.73373,7.21387
1.73774,7.36538
1.74174,7.77698
1.74575,8.14453
1.74975,8.51607
1.75375,8.7457
1.75776,8.53446
1.76176,7.93916
1.76577,7.2702
1.76977,6.32729
1.77377,5.67987
1.77778,5.52989
1.78178,5.44626
1.78579,5.46803
1.78979,5.89603
1.79379,6.30018
1.7978,6.28149
1.8018,6.17411
1.80581,5.97357
1.80981,5.34549
1.81381,4.85189
1.81782,4.77358
1.82182,4.73495
1.82583,4.76931
1.82983,5.30106
1.83383,5.94551
1.83784,6.22559
1.84184,6.42292
1.84585,6.43314
1.84985,5.9527
1.85385,5.36175
1.85786,4.88914
1.86186,4.46909
1.86587,4.37465
1.86987,4.6093
1.87387,4.94828
1.87788,5.2683
1.88188,5.60144
1.88589,5.68187
1.88989,5.41698
1.89389,5.03959
1.8979,4.62084
1.9019,4.17681
1.90591,4.06234
1.90991,4.25743
1.91391,4.58034
1.91792,5.03246
1.92192,5.64431
1.92593,5.84782
1.92993,5.79085
1.93393,5.67821
1.93794,5.32902
1.94194,4.68344
1.94595,4.28564
1.94995,4.04323
1.95395,3.91127
1.95796,4.01676
1.96196,4.31314
1.96597,4.42522
1.96997,4.37716
1.97397,4.2802
1.97798,3.97726
1.98198,3.392
1.98599,2.98117
1.98999,2.67675
1.99399,2.50271
1.998,2.59956
2.002,2.94618
2.00601,3.2726
2.01001,3.57821
2.01401,3.78854
2.01802,3.7356
2.02202,3.55346
2.02603,3.43561
2.03003,3.37071
2.03403,3.33422
2.03804,3.46846
2.04204,3.92993
2.04605,4.36629
2.05005,4.76812
2.05405,5.04747
2.05806,4.98336
2.06206,4.69772
2.06607,4.35198
2.07007,3.80819
2.07407,3.37157
2.07808,3.24171
2.08208,3.16904
2.08609,3.15593
2.09009,3.29496
2.09409,3.44845
2.0981,3.39879
2.1021,3.17534
2.10611,2.90012
2.11011,2.43109
2.11411,2.09262
2.11812,2.07654
2.12212,2.10756
2.12613,2.16932
2.13013,2.50781
2.13413,2.9357
2.13814,3.06136
2.14214,3.12688
2.14615,3.13365
2.15015,2.84041
2.15415,2.51957
2.15816,2.42331
2.16216,2.37054
2.16617,2.36425
2.17017,2.63107
2.17417,3.01036
2.17818,3.16626
2.18218,3.26544
2.18619,3.2864
2.19019,2.98916
2.19419,2.58928
2.1982,2.30493
2.2022,2.05625
2.20621,1.97856
2.21021,2.16105
2.21421,2.47253
2.21822,2.75587
2.22222,3.06497
2.22623,3.1832
2.23023,3.07364
2.23423,2.88792
2.23824,2.66485
2.24224,2.38651
2.24625,2.2841
2.25025,2.37179
2.25425,2.52922
2.25826,2.71354
2.26226,2.95805
2.26627,3.05891
2.27027,2.9212
2.27427,2.66935
2.27828,2.32066
2.28228,1.84218
2.28629,1.57167
2.29029,1.44247
2.29429,1.37006
2.2983,1.42282
2.3023,1.64921
2.30631,1.77775
2.31031,1.78394
2.31431,1.7869
2.31832,1.73014
2.32232,1.54271
2.32633,1.45853
2.33033,1.53781
2.33433,1.70076
2.33834,1.94105
2.34234,2.35509
2.34635,2.66314
2.35035,2.81183
2.35435,2.90166
2.35836,2.8402
2.36236,2.56573
2.36637,2.33197
2.37037,2.15566
2.37437,2.03607
2.37838,2.06414
2.38238,2.22557
2.38639,2.31839
2.39039,2.32327
2.39439,2.32565
2.3984,2.24331
2.4024,1.907
2.40641,1.60176
2.41041,1.32973
2.41441,1.1442
2.41842,1.15097
2.42242,1.28224
2.42643,1.43425
2.43043,1.59922
2.43443,1.74237
2.43844,1.7311
2.44244,1.59683
2.44645,1.4555
2.45045,1.30119
2.45445,1.18205
2.45846,1.19938
2.46246,1.36152
2.46647,1.55501
2.47047,1.76737
2.47447,1.95719
2.47848,1.95961
2.48248,1.83911
2.48649,1.68495
2.49049,1.42486
2.49449,1.20331
2.4985,1.18369
2.5025,1.23463
2.50651,1.31246
2.51051,1.50385
2.51451,1.73714
2.51852,1.7701
2.52252,1.74314
2.52653,1.69869
2.53053,1.52215
2.53453,1.33225
2.53854,1.31508
2.54254,1.37626
2.54655,1.47053
2.55055,1.70069
2.55455,1.98969
2.55856,2.04083
2.56256,2.04219
2.56657,2.04227
2.57057,1.83241
2.57457,1.49523
2.57858,1.25053
2.58258,1.03261
2.58659,0.943318
2.59059,0.978425
2.59459,1.03213
2.5986,1.0398
2.6026,1.02604
2.60661,1.00149
2.61061,0.839963
2.61461,0.656266
2.61862,0.614549
2.62262,0.603654
2.62663,0.599896
2.63063,0.732695
2.63463,1.03917
2.63864,1.27348
2.64264,1.47554
2.64665,1.57282
2.65065,1.52123
2.65465,1.4235
2.65866,1.33888
2.66266,1.24971
2.66667,1.20714
2.67067,1.28247
2.67467,1.43256
2.67868,1.53778
2.68268,1.62568
2.68669,1.66734
2.69069,1.55839
2.69469,1.34259
2.6987,1.12445
2.7027,0.866863
2.70671,0.750705
2.71071,0.764846
2.71471,0.80049
2.71872,0.860226
2.72272,0.992815
2.72673,1.08163
2.73073,1.04691
2.73473,0.968508
2.73874,0.868076
2.74274,0.714524
2.74675,0.636854
2.75075,0.666163
2.75475,0.737786
2.75876,0.829725
2.76276,0.981637
2.76677,1.08013
2.77077,1.05014
2.77477,0.97574
2.77878,0.858819
2.78278,0.642817
2.78679,0.535051
2.79079,0.535443
2.79479,0.537461
2.7988,0.560865
2.8028,0.708824
2.80681,0.840904
2.81081,0.848359
2.81481,0.852087
2.81882,0.833105
2.82282,0.718572
2.82683,0.645592
2.83083,0.674426
2.83483,0.752049
2.83884,0.863393
2.84284,1.07876
2.84685,1.2597
2.85085,1.30367
2.85485,1.32963
2.85886,1.30701
2.86286,1.11827
2.86687,0.926291
2.87087,0.777279
2.87487,0.662481
2.87888,0.647244
2.88288,0.694286
2.88689,0.732
2.89089,0.728044
2.89489,0.714636
2.8989,0.674042
2.9029,0.515785
2.90691,0.379098
2.91091,0.291819
2.91491,0.231941
2.91892,0.230533
2.92292,0.32396
2.92693,0.462251
2.93093,0.561875
2.93493,0.650283
2.93894,0.662525
2.94294,0.607547
2.94695,0.565349
2.95095,0.560749
2.95495,0.55842
2.95896,0.571532
2.96296,0.698067
2.96697,0.858253
2.97097,0.949708
2.97497,1.02192
2.97898,1.02471
2.98298,0.908404
2.98699,0.764557
2.99099,0.607365
2.99499,0.469528
2.999,0.443556
3.003,0.474093
3.00701,0.521421
3.01101,0.590188
3.01502,0.67758
3.01902,0.696396
3.02302,0.645594
3.02703,0.57672
3.03103,0.489918
3.03504,0.404185
3.03904,0.388981
3.04304,0.437626
3.04705,0.511048
3.05105,0.594564
3.05506,0.690205
3.05906,0.711511
3.06306,0.655659
3.06707,0.571502
3.07107,0.4316
3.07508,0.289492
3.07908,0.250866
3.08308,0.243329
3.08709,0.240179
3.09109,0.274203
3.0951,0.3644
3.0991,0.396398
3.1031,0.383711
3.10711,0.363361
3.11111,0.326355
3.11512,0.280753
3.11912,0.274352
3.12312,0.347605
3.12713,0.473875
3.13113,0.618416
3.13514,0.797131
3.13914,0.867594
3.14314,0.882658
3.14715,0.889212
3.15115,0.828819
3.15516,0.695443
3.15916,0.621947
3.16316,0.580987
3.16717,0.560115
3.17117,0.584841
3.17518,0.64721
3.17918,0.666984
3.18318,0.634975
3.18719,0.579261
3.19119,0.467336
3.1952,0.316909
3.1992,0.230214
3.2032,0.172426
3.20721,0.144713
3.21121,0.170032
3.21522,0.26037
3.21922,0.332256
3.22322,0.372811
3.22723,0.395661
3.23123,0.364985
3.23524,0.299027
3.23924,0.279189
3.24324,0.284591
3.24725,0.295789
3.25125,0.342083
3.25526,0.456041
3.25926,0.524669
3.26326,0.549234
3.26727,0.561549
3.27127,0.515172
3.27528,0.401528
3.27928,0.328244
3.28328,0.277996
3.28729,0.250848
3.29129,0.277692
3.2953,0.374236
3.2993,0.461101
3.3033,0.52669
3.30731,0.568659
3.31131,0.545254
3.31532,0.475188
3.31932,0.420924
3.32332,0.376017
3.32733,0.349298
3.33133,0.37371
3.33534,0.460819
3.33934,0.539317
3.34334,0.60209
3.34735,0.643367
3.35135,0.616921
3.35536,0.52519
3.35936,0.425832
3.36336,0.291034
3.36737,0.210135
3.37137,0.197572
3.37538,0.19219
3.37938,0.191956
3.38338,0.214008
3.38739,0.239413
3.39139,0.222763
3.3954,0.172908
3.3994,0.139019
3.4034,0.11533
3.40741,0.102011
3.41141,0.121867
3.41542,0.217434
3.41942,0.336519
3.42342,0.449498
3.42743,0.536472
3.43143,0.537774
3.43544,0.519511
3.43944,0.492992
3.44344,0.429312
3.44745,0.378758
3.45145,0.384395
3.45546,0.418853
3.45946,0.459258
3.46346,0.514814
3.46747,0.561342
3.47147,0.54817
3.47548,0.485445
3.47948,0.407966
3.48348,0.276095
3.48749,0.190511
3.49149,0.175591
3.4955,0.169388
3.4995,0.169338
3.5035,0.221087
3.50751,0.297245
3.51151,0.303816
3.51552,0.297826
3.51952,0.285926
3.52352,0.220286
3.52753,0.167343
3.53153,0.165427
3.53554,0.175274
3.53954,0.191317
3.54354,0.242476
3.54755,0.303996
3.55155,0.306312
3.55556,0.28823
3.55956,0.259557
3.56356,0.169819
3.56757,0.10988
3.57157,0.105504
3.57558,0.106278
3.57958,0.10864
3.58358,0.155005
3.58759,0.239887
3.59159,0.269595
3.5956,0.284506
3.5996,0.288285
3.6036,0.255264
3.60761,0.221098
3.61161,0.225014
3.61562,0.258576
3.61962,0.30616
3.62362,0.392622
3.62763,0.490003
3.63163,0.513315
3.63564,0.522159
3.63964,0.523331
3.64364,0.447906
3.64765,0.341798
3.65165,0.256775
3.65566,0.181513
3.65966,0.15728
3.66366,0.164654
3.66767,0.174174
3.67167,0.174438
3.67568,0.169618
3.67968,0.160469
3.68368,0.101981
3.68769,0.0571276
3.69169,0.0470856
3.6957,0.0426417
3.6997,0.0415967
3.7037,0.0722755
3.70771,0.155427
3.71171,0.204667
3.71572,0.237272
3.71972,0.248977
3.72372,0.217332
3.72773,0.179744
3.73173,0.168102
3.73574,0.162333
3.73974,0.160775
3.74374,0.197469
3.74775,0.26368
3.75175,0.291192
3.75576,0.306049
3.75976,0.310813
3.76376,0.261063
3.76777,0.192331
3.77177,0.146147
3.77578,0.108496
3.77978,0.095506
3.78378,0.123043
3.78779,0.183598
3.79179,0.231846
3.7958,0.277108
3.7998,0.29713
3.8038,0.274177
3.80781,0.235095
3.81181,0.197867
3.81582,0.157644
3.81982,0.141743
3.82382,0.157664
3.82783,0.18759
3.83183,0.208711
3.83584,0.227067
3.83984,0.234891
3.84384,0.202743
3.84785,0.146058
3.85185,0.0822503
3.85586,0.0266952
3.85986,0.0147906
3.86386,0.0220231
3.86787,0.0435465
3.87187,0.0694474
3.87588,0.103755
3.87988,0.123292
3.88388,0.116599
3.88789,0.107717
3.89189,0.107886
3.8959,0.117801
3.8999,0.134647
3.9039,0.181059
3.90791,0.2633
3.91191,0.325549
3.91592,0.379145
3.91992,0.403594
3.92392,0.377095
3.92793,0.324936
3.93193,0.263269
3.93594,0.184454
3.93994,0.152373
3.94394,0.153337
3.94795,0.155898
3.95195,0.164051
3.95596,0.191799
3.95996,0.210616
3.96396,0.193018
3.96797,0.157838
3.97197,0.11546
3.97598,0.0641159
3.97998,0.0460539
3.98398,0.0547668
3.98799,0.077191
3.99199,0.103217
3.996,0.135362
4,0.17756
