# 20260616_110935
# initdata:	data/PbPb276_cc_(0,5)plus5/initdata.csv
# freezeout file: 	data/PbPb276_cc_(0,5)plus5/freezeout.csv
# particle mass:	1.89143
# NpT:	400
# pTmax:	4
# epsabs:	0
# epsrel:	1e-05
# integr iter:	10000
pT,spec
0,85612.6
0.0100251,84153
0.0200501,79909.6
0.0300752,73268.4
0.0401003,64812.4
0.0501253,55242.6
0.0601504,45288.4
0.0701754,35624.4
0.0802005,26804.1
0.0902256,19219.3
0.100251,13087.1
0.110276,8459.39
0.120301,5250.15
0.130326,3271.12
0.140351,2270.73
0.150376,1971.4
0.160401,2102.92
0.170426,2430.35
0.180451,2774.12
0.190476,3020.52
0.200501,3120.57
0.210526,3077.88
0.220551,2928.54
0.230576,2718.81
0.240602,2487.91
0.250627,2259.23
0.260652,2042.02
0.270677,1838.88
0.280702,1653.63
0.290727,1494.3
0.300752,1369.9
0.310777,1284.04
0.320802,1230.34
0.330827,1193.64
0.340852,1157.02
0.350877,1110.23
0.360902,1054.33
0.370927,999.075
0.380952,954.892
0.390977,924.884
0.401003,902.291
0.411028,875.292
0.421053,835.641
0.431078,784.765
0.441103,732.891
0.451128,691.637
0.461153,665.659
0.471178,649.548
0.481203,632.408
0.491228,606.438
0.501253,572.878
0.511278,540.707
0.521303,518.998
0.531328,509.416
0.541353,504.75
0.551378,494.825
0.561404,474.836
0.571429,449.11
0.581454,427.139
0.591479,415.242
0.601504,411.042
0.611529,405.543
0.621554,391.032
0.631579,367.893
0.641604,344.325
0.651629,329.197
0.661654,324.347
0.671679,323.239
0.681704,317.046
0.691729,302.616
0.701754,285.034
0.711779,272.562
0.721805,268.815
0.73183,269.533
0.741855,266.854
0.75188,256.849
0.761905,242.987
0.77193,232.298
0.781955,228.162
0.79198,226.99
0.802005,222.03
0.81203,210.43
0.822055,196.299
0.83208,186.642
0.842105,184.286
0.85213,185.089
0.862155,182.3
0.87218,173.579
0.882206,163.364
0.892231,158.117
0.902256,159.452
0.912281,162.367
0.922306,160.451
0.932331,152.52
0.942356,143.647
0.952381,139.537
0.962406,140.385
0.972431,140.804
0.982456,135.818
0.992481,126.307
1.00251,117.967
1.01253,115.082
1.02256,116.05
1.03258,115.557
1.04261,110.752
1.05263,104.339
1.06266,101.187
1.07268,102.501
1.08271,104.391
1.09273,102.444
1.10276,96.8869
1.11278,92.223
1.12281,91.7777
1.13283,93.631
1.14286,92.8166
1.15288,87.2345
1.16291,80.2511
1.17293,76.8369
1.18296,77.7961
1.19298,78.9589
1.20301,76.2732
1.21303,70.6789
1.22306,66.907
1.23308,67.7155
1.24311,70.5491
1.25313,70.6641
1.26316,66.8272
1.27318,62.6184
1.28321,61.8395
1.29323,63.7753
1.30326,64.1771
1.31328,60.6385
1.32331,55.59
1.33333,53.1997
1.34336,54.1644
1.35338,54.9861
1.36341,52.578
1.37343,48.2638
1.38346,46.0626
1.39348,47.5031
1.40351,49.648
1.41353,48.8494
1.42356,45.3652
1.43358,42.8977
1.44361,43.7169
1.45363,45.7264
1.46366,45.2327
1.47368,41.7275
1.48371,38.44
1.49373,38.0436
1.50376,39.2516
1.51378,38.7432
1.52381,35.727
1.53383,32.9977
1.54386,33.1181
1.55388,34.9311
1.56391,35.1179
1.57393,32.6836
1.58396,30.2908
1.59398,30.637
1.60401,32.772
1.61404,33.333
1.62406,31.008
1.63409,28.1974
1.64411,27.7003
1.65414,28.9902
1.66416,29.1014
1.67419,26.7843
1.68421,24.1732
1.69424,23.7625
1.70426,24.9841
1.71429,25.1286
1.72431,23.2217
1.73434,21.379
1.74436,21.7687
1.75439,23.5026
1.76441,23.8432
1.77444,22.0095
1.78446,20.2207
1.79449,20.539
1.80451,21.9902
1.81454,21.99
1.82456,19.9855
1.83459,18.1464
1.84461,18.2137
1.85464,19.0751
1.86466,18.5061
1.87469,16.4847
1.88471,15.2593
1.89474,16.0899
1.90476,17.4058
1.91479,17.0601
1.92481,15.42
1.93484,14.8162
1.94486,16.1468
1.95489,17.5384
1.96491,16.9813
1.97494,15.123
1.98496,14.2293
1.99499,14.9035
2.00501,15.3284
2.01504,14.0436
2.02506,12.1151
2.03509,11.5549
2.04511,12.4009
2.05514,12.7733
2.06516,11.7548
2.07519,10.771
2.08521,11.4334
2.09524,13.0819
2.10526,13.6842
2.11529,12.7356
2.12531,11.8616
2.13534,12.2888
2.14536,13.0048
2.15539,12.3301
2.16541,10.4929
2.17544,9.33779
2.18546,9.63968
2.19549,10.0738
2.20551,9.34013
2.21554,8.18169
2.22556,8.24469
2.23559,9.54097
2.24561,10.3762
2.25564,9.84582
2.26566,9.11504
2.27569,9.56486
2.28571,10.6385
2.29574,10.6445
2.30576,9.27289
2.31579,8.02377
2.32581,7.96137
2.33584,8.24239
2.34586,7.5949
2.35589,6.38764
2.36591,6.09174
2.37594,7.00354
2.38596,7.75873
2.39599,7.37188
2.40602,6.65144
2.41604,6.85086
2.42607,7.69401
2.43609,7.82679
2.44612,6.9434
2.45614,6.25588
2.46617,6.59268
2.47619,7.10819
2.48622,6.61343
2.49624,5.44995
2.50627,4.99659
2.51629,5.5842
2.52632,6.03919
2.53634,5.51509
2.54637,4.74134
2.55639,4.79929
2.56642,5.41255
2.57644,5.43357
2.58647,4.70614
2.59649,4.3347
2.60652,4.94008
2.61654,5.66051
2.62657,5.46707
2.63659,4.72203
2.64662,4.5557
2.65664,5.07992
2.66667,5.24402
2.67669,4.50858
2.68672,3.67308
2.69674,3.59876
2.70677,3.9065
2.71679,3.69818
2.72682,3.08137
2.73684,3.02269
2.74687,3.77522
2.75689,4.41956
2.76692,4.26754
2.77694,3.88774
2.78697,4.13019
2.79699,4.72072
2.80702,4.66948
2.81704,3.8317
2.82707,3.1377
2.83709,3.15753
2.84712,3.30234
2.85714,2.89162
2.86717,2.31417
2.87719,2.40694
2.88722,3.08258
2.89724,3.43624
2.90727,3.15358
2.91729,2.94757
2.92732,3.34228
2.93734,3.79253
2.94737,3.56194
2.95739,2.92487
2.96742,2.74393
2.97744,3.10864
2.98747,3.22696
2.99749,2.72268
3.00752,2.23519
3.01754,2.37725
3.02757,2.76186
3.03759,2.65841
3.04762,2.17739
3.05764,2.05642
3.06767,2.43025
3.07769,2.61426
3.08772,2.24689
3.09774,1.90762
3.10777,2.1916
3.11779,2.74506
3.12782,2.8225
3.13784,2.45023
3.14787,2.31769
3.15789,2.61031
3.16792,2.70284
3.17794,2.19458
3.18797,1.58062
3.19799,1.47976
3.20802,1.70127
3.21805,1.65172
3.22807,1.35798
3.2381,1.40349
3.24812,1.91263
3.25815,2.29253
3.26817,2.16515
3.2782,1.94409
3.28822,2.10851
3.29825,2.38793
3.30827,2.20853
3.3183,1.65634
3.32832,1.3651
3.33835,1.52076
3.34837,1.6199
3.3584,1.35153
3.36842,1.11619
3.37845,1.33118
3.38847,1.70408
3.3985,1.69759
3.40852,1.40966
3.41855,1.39696
3.42857,1.73439
3.4386,1.88056
3.44862,1.57928
3.45865,1.30097
3.46867,1.48572
3.4787,1.83127
3.48872,1.79031
3.49875,1.44728
3.50877,1.33981
3.5188,1.55141
3.52882,1.58832
3.53885,1.22282
3.54887,0.885956
3.5589,0.970794
3.56892,1.22437
3.57895,1.22541
3.58897,1.1099
3.599,1.31089
3.60902,1.76382
3.61905,1.93983
3.62907,1.67771
3.6391,1.43367
3.64912,1.5306
3.65915,1.64963
3.66917,1.39362
3.6792,0.968012
3.68922,0.851311
3.69925,1.02701
3.70927,1.06156
3.7193,0.868364
3.72932,0.851382
3.73935,1.18765
3.74937,1.47364
3.7594,1.35029
3.76942,1.07329
3.77945,1.08144
3.78947,1.2873
3.7995,1.26286
3.80952,0.985004
3.81955,0.881698
3.82957,1.11075
3.8396,1.28757
3.84962,1.11111
3.85965,0.835998
3.86967,0.822041
3.8797,0.944861
3.88972,0.852275
3.89975,0.599138
3.90977,0.568091
3.9198,0.818672
3.92982,0.980878
3.93985,0.87465
3.94987,0.800994
3.9599,1.01148
3.96992,1.25783
3.97995,1.18503
3.98997,0.905892
4,0.797937
