# 20260616_110757
# initdata:	data/PbPb276_cc_(0,5)plus5/initdata.csv
# freezeout file: 	data/PbPb276_cc_(0,5)plus5/freezeout.csv
# particle mass:	1.68571
# NpT:	400
# pTmax:	4
# epsabs:	0
# epsrel:	1e-05
# integr iter:	10000
pT,spec
0,83062.4
0.0100251,81566.6
0.0200501,77223.7
0.0300752,70446.2
0.0401003,61858.2
0.0501253,52210.5
0.0601504,42282.1
0.0701754,32783.8
0.0802005,24280.8
0.0902256,17143.9
0.100251,11537.9
0.110276,7442.96
0.120301,4699.59
0.130326,3065.16
0.140351,2266.62
0.150376,2040.71
0.160401,2157.4
0.170426,2430.04
0.180451,2717.07
0.190476,2922.05
0.200501,2993.47
0.210526,2922.95
0.220551,2738.43
0.230576,2490.21
0.240602,2231.94
0.250627,2002.84
0.260652,1817.37
0.270677,1668.58
0.280702,1538.9
0.290727,1415.27
0.300752,1297.54
0.310777,1196.56
0.320802,1124.04
0.330827,1081.76
0.340852,1057.99
0.350877,1033.65
0.360902,994.126
0.370927,938.195
0.380952,877.646
0.390977,827.901
0.401003,796.36
0.411028,777.114
0.421053,755.845
0.431078,721.045
0.441103,672.931
0.451128,623.138
0.461153,585.538
0.471178,565.478
0.481203,556.06
0.491228,544.182
0.501253,521.321
0.511278,490.117
0.521303,461.392
0.531328,444.43
0.541353,438.934
0.551378,435.521
0.561404,424.117
0.571429,402.686
0.581454,378.544
0.591479,361.283
0.601504,353.861
0.611529,350.139
0.621554,340.906
0.631579,322.729
0.641604,301.191
0.651629,285.52
0.661654,279.811
0.671679,279.294
0.681704,275.152
0.691729,263.14
0.701754,247.472
0.711779,236.295
0.721805,233.349
0.73183,234.251
0.741855,231.061
0.75188,220.365
0.761905,206.563
0.77193,197.043
0.781955,194.37
0.79198,193.711
0.802005,188.147
0.81203,176.192
0.822055,163.475
0.83208,156.809
0.842105,157.028
0.85213,158.288
0.862155,154.498
0.87218,145.803
0.882206,138.09
0.892231,136.209
0.902256,138.546
0.912281,138.936
0.922306,133.627
0.932331,125.328
0.942356,119.808
0.952381,119.108
0.962406,119.277
0.972431,115.194
0.982456,106.783
0.992481,99.2301
1.00251,96.9335
1.01253,98.368
1.02256,97.9913
1.03258,92.9555
1.04261,86.574
1.05263,84.3178
1.06266,87.0914
1.07268,89.9175
1.08271,87.721
1.09273,81.3049
1.10276,76.3099
1.11278,76.3786
1.12281,78.8013
1.13283,77.8927
1.14286,71.9384
1.15288,65.2131
1.16291,62.6989
1.17293,64.1151
1.18296,64.6075
1.19298,61.0606
1.20301,56.0065
1.21303,54.2637
1.22306,56.695
1.23308,59.0742
1.24311,57.4556
1.25313,53.1175
1.26316,50.753
1.27318,52.3059
1.28321,54.4359
1.29323,52.8361
1.30326,47.7638
1.31328,43.643
1.32331,43.3734
1.33333,44.7876
1.34336,43.8019
1.35338,39.8695
1.36341,36.5971
1.37343,36.8436
1.38346,38.9792
1.39348,39.2364
1.40351,36.8114
1.41353,34.7725
1.42356,35.6515
1.43358,37.8399
1.44361,37.7317
1.45363,34.6257
1.46366,31.6433
1.47368,31.4264
1.48371,32.5709
1.49373,31.6867
1.50376,28.1942
1.51378,25.1977
1.52381,25.2662
1.53383,26.9868
1.54386,27.0417
1.55388,24.8356
1.56391,23.2127
1.57393,24.335
1.58396,26.5742
1.59398,26.76
1.60401,24.5578
1.61404,22.794
1.62406,23.3427
1.63409,24.4574
1.64411,23.3141
1.65414,20.0953
1.66416,17.8007
1.67419,18.1031
1.68421,19.1713
1.69424,18.4712
1.70426,16.427
1.71429,15.7013
1.72431,17.2553
1.73434,18.9377
1.74436,18.5833
1.75439,17.0367
1.76441,16.7239
1.77444,17.9617
1.78446,18.4576
1.79449,16.7038
1.80451,14.2411
1.81454,13.4733
1.82456,14.2685
1.83459,14.321
1.84461,12.6637
1.85464,11.114
1.86466,11.5669
1.87469,13.2046
1.88471,13.7356
1.89474,12.7411
1.90476,12.1352
1.91479,13.1248
1.92481,14.2974
1.93484,13.7022
1.94486,11.7709
1.95489,10.6913
1.96491,11.2048
1.97494,11.6316
1.98496,10.522
1.99499,8.88135
2.00501,8.64323
2.01504,9.76822
2.02506,10.3625
2.03509,9.56147
2.04511,8.75023
2.05514,9.31617
2.06516,10.4472
2.07519,10.3643
2.08521,9.06518
2.09524,8.34379
2.10526,9.05349
2.11529,9.81557
2.12531,9.14098
2.13534,7.70189
2.14536,7.29249
2.15539,8.11164
2.16541,8.52698
2.17544,7.61601
2.18546,6.53889
2.19549,6.68112
2.20551,7.50864
2.21554,7.45004
2.22556,6.37469
2.23559,5.79642
2.24561,6.52104
2.25564,7.42175
2.26566,7.21088
2.27569,6.39837
2.28571,6.39736
2.29574,7.23424
2.30576,7.46724
2.31579,6.41419
2.32581,5.19234
2.33584,4.99565
2.34586,5.35172
2.35589,5.04983
2.36591,4.16827
2.37594,3.95575
2.38596,4.79716
2.39599,5.54227
2.40602,5.27621
2.41604,4.71556
2.42607,5.0185
2.43609,5.90423
2.44612,6.05285
2.45614,5.13348
2.46617,4.26664
2.47619,4.25179
2.48622,4.40913
2.49624,3.8181
2.50627,2.8968
2.51629,2.77712
2.52632,3.51003
2.53634,3.98441
2.54637,3.66055
2.55639,3.32943
2.56642,3.73119
2.57644,4.31321
2.58647,4.12878
2.59649,3.38678
2.60652,3.13059
2.61654,3.57418
2.62657,3.78745
2.63659,3.22184
2.64662,2.6004
2.65664,2.75059
2.66667,3.28429
2.67669,3.24093
2.68672,2.61992
2.69674,2.32913
2.70677,2.68652
2.71679,2.93861
2.72682,2.5504
2.73684,2.11981
2.74687,2.41158
2.75689,3.09536
2.76692,3.25156
2.77694,2.81938
2.78697,2.63957
2.79699,3.04783
2.80702,3.31832
2.81704,2.84084
2.82707,2.09941
2.83709,1.88888
2.84712,2.09143
2.85714,1.99547
2.86717,1.56122
2.87719,1.50673
2.88722,2.08581
2.89724,2.60785
2.90727,2.51137
2.91729,2.22753
2.92732,2.41918
2.93734,2.85819
2.94737,2.78797
2.95739,2.1655
2.96742,1.74364
2.97744,1.877
2.98747,2.01454
2.99749,1.67485
3.00752,1.2599
3.01754,1.37558
3.02757,1.81699
3.03759,1.90379
3.04762,1.58618
3.05764,1.48086
3.06767,1.80463
3.07769,2.00451
3.08772,1.69709
3.09774,1.33698
3.10777,1.49048
3.11779,1.91479
3.12782,1.95918
3.13784,1.61001
3.14787,1.45846
3.15789,1.68246
3.16792,1.75522
3.17794,1.3467
3.18797,0.894331
3.19799,0.900732
3.20802,1.14873
3.21805,1.13062
3.22807,0.932535
3.2381,1.07055
3.24812,1.56753
3.25815,1.84732
3.26817,1.64289
3.2782,1.40591
3.28822,1.53721
3.29825,1.72555
3.30827,1.48747
3.3183,0.992079
3.32832,0.800093
3.33835,0.974654
3.34837,1.04498
3.3584,0.840293
3.36842,0.763079
3.37845,1.06013
3.38847,1.35886
3.3985,1.2694
3.40852,1.02823
3.41855,1.08867
3.42857,1.35212
3.4386,1.3436
3.44862,1.03223
3.45865,0.903711
3.46867,1.15611
3.4787,1.37025
3.48872,1.2033
3.49875,0.936559
3.50877,0.971031
3.5188,1.14457
3.52882,1.02618
3.53885,0.674131
3.54887,0.564305
3.5589,0.81203
3.56892,1.00473
3.57895,0.916957
3.58897,0.882057
3.599,1.18775
3.60902,1.52852
3.61905,1.45854
3.62907,1.10111
3.6391,0.937405
3.64912,1.0379
3.65915,1.00934
3.66917,0.704183
3.6792,0.476993
3.68922,0.581283
3.69925,0.758262
3.70927,0.704717
3.7193,0.593529
3.72932,0.746938
3.73935,1.03967
3.74937,1.07068
3.7594,0.823014
3.76942,0.690334
3.77945,0.826036
3.78947,0.916349
3.7995,0.746199
3.80952,0.578631
3.81955,0.701589
3.82957,0.921455
3.8396,0.867695
3.84962,0.592153
3.85965,0.460429
3.86967,0.544496
3.8797,0.550788
3.88972,0.373168
3.89975,0.295727
3.90977,0.498786
3.9198,0.731026
3.92982,0.718615
3.93985,0.609962
3.94987,0.69661
3.9599,0.894109
3.96992,0.872764
3.97995,0.61152
3.98997,0.43352
4,0.47588
