# 20260616_114318
# initdata:	data/PbPb276_cc_(0,5)plus10/initdata.csv
# freezeout file: 	data/PbPb276_cc_(0,5)plus10/freezeout.csv
# particle mass:	0.76
# NpT:	400
# pTmax:	4
# epsabs:	0
# epsrel:	1e-05
# integr iter:	10000
pT,spec
0,42002.5
0.0100251,41177.1
0.0200501,38794.7
0.0300752,35119
0.0401003,30533.7
0.0501253,25476
0.0601504,20369.6
0.0701754,15571.6
0.0802005,11344.7
0.0902256,7850.07
0.100251,5155.31
0.110276,3248.79
0.120301,2052.89
0.130326,1437.26
0.140351,1235.79
0.150376,1271.54
0.160401,1387.61
0.170426,1475.3
0.180451,1487.81
0.190476,1432.23
0.200501,1343.06
0.210526,1251.44
0.220551,1166.33
0.230576,1076.68
0.240602,969.187
0.250627,845.889
0.260652,727.149
0.270677,637.583
0.280702,586.919
0.290727,562.132
0.300752,538.028
0.310777,497.59
0.320802,444.754
0.330827,398.647
0.340852,374.704
0.350877,369.822
0.360902,365.448
0.370927,344.932
0.380952,308.996
0.390977,274.169
0.401003,256.012
0.411028,253.816
0.421053,251.936
0.431078,236.158
0.441103,208.196
0.451128,183.411
0.461153,174.395
0.471178,177.795
0.481203,178.285
0.491228,165.164
0.501253,143.51
0.511278,127.974
0.521303,126.357
0.531328,131.264
0.541353,128.856
0.551378,114.48
0.561404,97.4228
0.571429,89.8126
0.581454,92.7337
0.591479,95.6301
0.601504,89.127
0.611529,75.8681
0.621554,66.7563
0.631579,67.6181
0.641604,72.5389
0.651629,71.5255
0.661654,62.7346
0.671679,54.1854
0.681704,53.3262
0.691729,57.7565
0.701754,58.5609
0.711779,51.6631
0.721805,42.7255
0.73183,39.6697
0.741855,42.6775
0.75188,44.4048
0.761905,39.7426
0.77193,32.2936
0.781955,29.3777
0.79198,32.4262
0.802005,35.3621
0.81203,32.7752
0.822055,26.8811
0.83208,24.2221
0.842105,26.8324
0.85213,29.7054
0.862155,27.6614
0.87218,22.1597
0.882206,19.0331
0.892231,20.556
0.902256,22.6829
0.912281,20.9063
0.922306,16.4456
0.932331,14.3643
0.942356,16.51
0.952381,19.1039
0.962406,18.0837
0.972431,14.5796
0.982456,13.0258
0.992481,14.8374
1.00251,16.5707
1.01253,14.915
1.02256,11.2939
1.03258,9.692
1.04261,11.0402
1.05263,12.1605
1.06266,10.5417
1.07268,7.9421
1.08271,7.74169
1.09273,10.027
1.10276,11.4989
1.11278,10.2021
1.12281,8.18801
1.13283,8.37216
1.14286,10.2603
1.15288,10.6916
1.16291,8.40098
1.17293,5.77192
1.18296,5.39223
1.19298,6.52456
1.20301,6.50206
1.21303,4.77929
1.22306,3.65464
1.23308,4.7635
1.24311,6.63118
1.25313,6.84176
1.26316,5.51561
1.27318,4.97518
1.28321,6.20512
1.29323,7.3802
1.30326,6.55122
1.31328,4.45234
1.32331,3.36611
1.33333,3.87236
1.34336,4.27958
1.35338,3.37423
1.36341,2.23886
1.37343,2.50003
1.38346,3.79894
1.39348,4.32601
1.40351,3.52659
1.41353,2.84892
1.42356,3.46217
1.43358,4.45575
1.44361,4.22181
1.45363,2.87831
1.46366,2.08159
1.47368,2.57756
1.48371,3.20347
1.49373,2.75999
1.50376,1.83659
1.51378,1.84722
1.52381,2.82848
1.53383,3.36412
1.54386,2.69815
1.55388,1.80265
1.56391,1.84316
1.57393,2.44532
1.58396,2.36901
1.59398,1.46624
1.60401,0.904544
1.61404,1.37851
1.62406,2.09467
1.63409,2.04279
1.64411,1.53482
1.65414,1.64832
1.66416,2.48474
1.67419,2.94781
1.68421,2.36612
1.69424,1.46869
1.70426,1.26775
1.71429,1.60301
1.72431,1.53057
1.73434,0.854308
1.74436,0.40998
1.75439,0.737764
1.76441,1.26507
1.77444,1.24418
1.78446,0.92137
1.79449,1.09816
1.80451,1.7984
1.81454,2.14797
1.82456,1.66684
1.83459,0.982161
1.84461,0.88507
1.85464,1.19966
1.86466,1.16505
1.87469,0.665564
1.88471,0.388182
1.89474,0.719129
1.90476,1.13893
1.91479,1.03564
1.92481,0.629769
1.93484,0.579937
1.94486,0.932102
1.95489,1.06816
1.96491,0.699103
1.97494,0.320237
1.98496,0.433182
1.99499,0.7824
2.00501,0.796083
2.01504,0.505995
2.02506,0.487477
2.03509,0.926231
2.04511,1.28736
2.05514,1.10349
2.06516,0.655879
2.07519,0.516688
2.08521,0.69583
2.09524,0.701326
2.10526,0.356604
2.11529,0.0689689
2.12531,0.169984
2.13534,0.414167
2.14536,0.417214
2.15539,0.291708
2.16541,0.444256
2.17544,0.86608
2.18546,1.07027
2.19549,0.802787
2.20551,0.424921
2.21554,0.375154
2.22556,0.546457
2.23559,0.518765
2.24561,0.240626
2.25564,0.089224
2.26566,0.25526
2.27569,0.448767
2.28571,0.371313
2.29574,0.178328
2.30576,0.203951
2.31579,0.413176
2.32581,0.461545
2.33584,0.251101
2.34586,0.0855973
2.35589,0.186852
2.36591,0.355555
2.37594,0.311921
2.38596,0.157578
2.39599,0.213884
2.40602,0.49493
2.41604,0.655491
2.42607,0.50044
2.43609,0.262962
2.44612,0.234951
2.45614,0.342381
2.46617,0.309666
2.47619,0.11326
2.48622,0.00112239
2.49624,0.0838226
2.50627,0.177988
2.51629,0.138907
2.52632,0.113335
2.53634,0.285786
2.54637,0.532491
2.55639,0.563046
2.56642,0.349881
2.57644,0.174719
2.58647,0.214889
2.59649,0.306532
2.60652,0.232223
2.61654,0.0627949
2.62657,0.0271717
2.63659,0.144684
2.64662,0.209138
2.65664,0.127508
2.66667,0.0563684
2.67669,0.129045
2.68672,0.231007
2.69674,0.187622
2.70677,0.0515272
2.71679,0.0209747
2.72682,0.124859
2.73684,0.186052
2.74687,0.11908
2.75689,0.0755888
2.76692,0.197336
2.77694,0.370446
2.78697,0.377925
2.79699,0.218306
2.80702,0.0997553
2.81704,0.130136
2.82707,0.18453
2.83709,0.129554
2.84712,0.027437
2.85714,0.0109449
2.86717,0.0641465
2.87719,0.0728545
2.88722,0.0413461
2.89724,0.0952262
2.90727,0.254436
2.91729,0.356428
2.92732,0.27935
2.93734,0.126361
2.94737,0.0786006
2.95739,0.13919
2.96742,0.156241
2.97744,0.0722019
2.98747,0.00415258
2.99749,0.0452608
3.00752,0.117503
3.01754,0.104093
3.02757,0.0348571
3.03759,0.0267372
3.04762,0.0883014
3.05764,0.110313
3.06767,0.0498027
3.07769,0.000304802
3.08772,0.0359588
3.09774,0.0912622
3.10777,0.0765865
3.11779,0.0375456
3.12782,0.0889309
3.13784,0.220222
3.14787,0.286159
3.15789,0.209388
3.16792,0.088558
3.17794,0.0522141
3.18797,0.087591
3.19799,0.0931442
3.20802,0.0457717
3.21805,0.0159183
3.22807,0.0335536
3.2381,0.0441713
3.24812,0.0211974
3.25815,0.0282156
3.26817,0.111142
3.2782,0.197256
3.28822,0.18318
3.29825,0.0880096
3.30827,0.0301183
3.3183,0.0572898
3.32832,0.0896505
3.33835,0.0562372
3.34837,0.00486563
3.3584,0.0176603
3.36842,0.0764295
3.37845,0.0926441
3.38847,0.0462046
3.3985,0.00906884
3.40852,0.0254758
3.41855,0.0490653
3.42857,0.0318665
3.4386,0.00753584
3.44862,0.0292377
3.45865,0.0720812
3.46867,0.0712221
3.4787,0.0370934
3.48872,0.0513285
3.49875,0.136087
3.50877,0.202346
3.5188,0.168785
3.52882,0.0764004
3.53885,0.0278063
3.54887,0.0472406
3.5589,0.0683437
3.56892,0.0485157
3.57895,0.0222182
3.58897,0.0253522
3.599,0.0340117
3.60902,0.0193911
3.61905,0.0131299
3.62907,0.0587689
3.6391,0.124664
3.64912,0.132038
3.65915,0.0687957
3.66917,0.0120461
3.6792,0.0183171
3.68922,0.0482989
3.69925,0.0391609
3.70927,0.00614485
3.7193,0.0138014
3.72932,0.0674082
3.73935,0.0990451
3.74937,0.0683002
3.7594,0.0181354
3.76942,0.004717
3.77945,0.019421
3.78947,0.0211918
3.7995,0.0119145
3.80952,0.0257108
3.81955,0.0576845
3.82957,0.0627723
3.8396,0.0343355
3.84962,0.0289611
3.85965,0.0832045
3.86967,0.147129
3.8797,0.144993
3.88972,0.0792345
3.89975,0.0247649
3.90977,0.0257357
3.9198,0.0480322
3.92982,0.0451893
3.93985,0.0243854
3.94987,0.0177448
3.9599,0.0232264
3.96992,0.0164632
3.97995,0.00306958
3.98997,0.0149438
4,0.0504885
