# 20251205_151420
qT,primespec
0,108944
0.004004,108101
0.00800801,107189
0.012012,105670
0.016016,102990
0.02002,99736
0.024024,95973.4
0.028028,91584.7
0.032032,86893.7
0.036036,81757.5
0.04004,76403.6
0.044044,70896.3
0.048048,65267.5
0.0520521,59695.9
0.0560561,54160
0.0600601,48795.1
0.0640641,43643.7
0.0680681,38738.9
0.0720721,34168.1
0.0760761,29909.6
0.0800801,26027.8
0.0840841,22513.2
0.0880881,19365.9
0.0920921,16613.9
0.0960961,14193.5
0.1001,12141
0.104104,10402.6
0.108108,8948.76
0.112112,7798.14
0.116116,6849.45
0.12012,6131.61
0.124124,5595.92
0.128128,5186.81
0.132132,4929.37
0.136136,4743.96
0.14014,4630.78
0.144144,4577.66
0.148148,4542.41
0.152152,4513.51
0.156156,4492.45
0.16016,4466.14
0.164164,4417.64
0.168168,4346.49
0.172172,4259.35
0.176176,4142.81
0.18018,4009.63
0.184184,3862.89
0.188188,3701.95
0.192192,3541.19
0.196196,3377.07
0.2002,3219.7
0.204204,3072.93
0.208208,2935.64
0.212212,2814.64
0.216216,2706.44
0.22022,2610.67
0.224224,2527.64
0.228228,2453.54
0.232232,2384.37
0.236236,2320.81
0.24024,2258.57
0.244244,2195.17
0.248248,2131.7
0.252252,2066.96
0.256256,2000.43
0.26026,1934.98
0.264264,1871.14
0.268268,1809.54
0.272272,1754.25
0.276276,1703.57
0.28028,1659.23
0.284284,1622.18
0.288288,1589.96
0.292292,1561.43
0.296296,1536.85
0.3003,1512.6
0.304304,1486.8
0.308308,1459.9
0.312312,1429.63
0.316316,1395.05
0.32032,1357.91
0.324324,1318.26
0.328328,1276.63
0.332332,1236.86
0.336336,1197.84
0.34034,1162.59
0.344344,1132.55
0.348348,1106.19
0.352352,1085.01
0.356356,1068.12
0.36036,1052.98
0.364364,1038.87
0.368368,1025.51
0.372372,1009.81
0.376376,991.241
0.38038,970.23
0.384384,945.898
0.388388,918.498
0.392392,890.884
0.396396,862.128
0.4004,835.12
0.404404,811.333
0.408408,789.952
0.412412,773.418
0.416416,760.447
0.42042,749.782
0.424424,741.354
0.428428,734.225
0.432432,725.796
0.436436,715.916
0.44044,704.393
0.444444,690.025
0.448448,672.873
0.452452,655.071
0.456456,635.795
0.46046,617.409
0.464464,601.243
0.468468,586.682
0.472472,576.085
0.476476,568.189
0.48048,562.132
0.484484,557.962
0.488488,554.738
0.492492,550.481
0.496496,544.734
0.500501,537.549
0.504505,527.995
0.508509,515.778
0.512513,503.021
0.516517,489.032
0.520521,475.711
0.524525,464.331
0.528529,454.212
0.532533,447.131
0.536537,442.237
0.540541,438.35
0.544545,435.249
0.548549,432.666
0.552553,429.018
0.556557,423.344
0.560561,416.155
0.564565,407.193
0.568569,396.132
0.572573,385.169
0.576577,373.785
0.580581,363.619
0.584585,355.805
0.588589,349.305
0.592593,345.46
0.596597,343.408
0.600601,341.715
0.604605,339.852
0.608609,337.963
0.612613,335.136
0.616617,329.933
0.620621,323.295
0.624625,315.751
0.628629,307.007
0.632633,299.273
0.636637,291.969
0.640641,286.429
0.644645,283.59
0.648649,281.614
0.652653,281.092
0.656657,281.188
0.660661,281.283
0.664665,280.482
0.668669,277.62
0.672673,273.85
0.676677,267.741
0.680681,260.431
0.684685,253.162
0.688689,245.599
0.692693,239.889
0.696697,235.306
0.700701,232.267
0.704705,231.409
0.708709,231.011
0.712713,230.375
0.716717,229.202
0.720721,227.405
0.724725,224.1
0.728729,218.314
0.732733,211.922
0.736737,204.329
0.740741,196.952
0.744745,190.981
0.748749,185.722
0.752753,183.686
0.756757,183.25
0.760761,183.044
0.764765,183.391
0.768769,184.423
0.772773,184.789
0.776777,183.061
0.780781,179.994
0.784785,175.943
0.788789,170.125
0.792793,164.833
0.796797,159.464
0.800801,155.761
0.804805,155.328
0.808809,155.217
0.812813,155.273
0.816817,157.455
0.820821,159.881
0.824825,160.006
0.828829,159.62
0.832833,158.893
0.836837,155.391
0.840841,150.286
0.844845,145.419
0.848849,140.209
0.852853,136.797
0.856857,134.613
0.860861,133.324
0.864865,133.58
0.868869,134.691
0.872873,135.186
0.876877,134.784
0.880881,133.92
0.884885,131.968
0.888889,127.601
0.892893,122.941
0.896897,117.729
0.900901,113.059
0.904905,110.311
0.908909,108.242
0.912913,107.582
0.916917,108.559
0.920921,109.872
0.924925,110.408
0.928929,110.744
0.932933,110.81
0.936937,108.812
0.940941,105.434
0.944945,101.97
0.948949,97.9256
0.952953,95.4576
0.956957,94.2199
0.960961,93.5075
0.964965,93.9965
0.968969,96.1449
0.972973,98.0073
0.976977,99.32
0.980981,100.212
0.984985,99.7691
0.988989,97.4663
0.992993,94.6935
0.996997,91.0655
1.001,87.4614
1.00501,85.253
1.00901,83.54
1.01301,82.9399
1.01702,83.7239
1.02102,84.7542
1.02503,84.9943
1.02903,85.078
1.03303,85.0794
1.03704,83.2028
1.04104,79.8843
1.04505,76.5274
1.04905,72.6066
1.05305,69.7883
1.05706,67.9036
1.06106,66.6996
1.06507,66.8134
1.06907,67.8123
1.07307,68.5739
1.07708,68.9187
1.08108,69.1313
1.08509,68.7214
1.08909,66.7322
1.09309,64.5354
1.0971,61.9824
1.1011,59.8933
1.10511,59.6311
1.10911,59.6272
1.11311,59.6362
1.11712,60.9127
1.12112,62.7914
1.12513,63.4405
1.12913,63.7525
1.13313,63.8529
1.13714,62.5931
1.14114,60.3836
1.14515,58.4049
1.14915,56.2695
1.15315,55.3363
1.15716,55.3858
1.16116,55.5069
1.16517,55.8612
1.16917,56.8259
1.17317,57.3563
1.17718,56.7902
1.18118,55.5724
1.18519,53.8627
1.18919,51.0318
1.19319,48.4467
1.1972,46.1439
1.2012,44.4306
1.20521,44.2521
1.20921,44.5514
1.21321,44.9626
1.21722,45.7012
1.22122,46.4621
1.22523,46.4068
1.22923,45.4264
1.23323,44.1282
1.23724,42.1557
1.24124,40.1035
1.24525,39.2128
1.24925,38.6941
1.25325,38.4975
1.25726,39.4356
1.26126,41.1616
1.26527,42.4147
1.26927,43.5337
1.27327,44.0432
1.27728,43.4101
1.28128,42.1068
1.28529,40.6219
1.28929,38.6028
1.29329,37.4417
1.2973,37.2149
1.3013,37.0907
1.30531,37.3198
1.30931,38.5828
1.31331,39.4078
1.31732,39.3513
1.32132,39.1947
1.32533,38.6658
1.32933,36.7121
1.33333,34.6163
1.33734,32.5697
1.34134,30.8769
1.34535,30.6019
1.34935,30.6202
1.35335,30.6554
1.35736,31.1902
1.36136,32.0099
1.36537,32.096
1.36937,31.565
1.37337,30.7895
1.37738,29.4175
1.38138,27.7985
1.38539,26.9749
1.38939,26.4536
1.39339,26.2323
1.3974,26.8471
1.4014,28.0823
1.40541,28.9973
1.40941,29.8075
1.41341,30.2076
1.41742,29.7447
1.42142,28.7293
1.42543,27.6203
1.42943,26.1299
1.43343,25.3232
1.43744,25.339
1.44144,25.3899
1.44545,25.6163
1.44945,26.6088
1.45345,27.3108
1.45746,27.2385
1.46146,27.0289
1.46547,26.566
1.46947,25.1681
1.47347,23.7696
1.47748,22.6964
1.48148,21.8466
1.48549,21.7412
1.48949,22.1305
1.49349,22.606
1.4975,23.0682
1.5015,23.4954
1.50551,23.4898
1.50951,22.7802
1.51351,21.8465
1.51752,20.6522
1.52152,19.4616
1.52553,19.2158
1.52953,19.2233
1.53353,19.2387
1.53754,19.7826
1.54154,20.7774
1.54555,21.0211
1.54955,20.9634
1.55355,20.8516
1.55756,20.123
1.56156,18.7823
1.56557,17.8236
1.56957,17.0171
1.57357,16.6052
1.57758,16.8998
1.58158,17.6133
1.58559,18.2955
1.58959,19.081
1.59359,19.5479
1.5976,19.3077
1.6016,18.6827
1.60561,17.9158
1.60961,16.6963
1.61361,15.9475
1.61762,15.9583
1.62162,16.0231
1.62563,16.2316
1.62963,17.2337
1.63363,18.1411
1.63764,18.3391
1.64164,18.4535
1.64565,18.3596
1.64965,17.3374
1.65365,16.1404
1.65766,15.1416
1.66166,14.2694
1.66567,14.0952
1.66967,14.3196
1.67367,14.6324
1.67768,14.9977
1.68168,15.3905
1.68569,15.4308
1.68969,14.836
1.69369,13.9939
1.6977,12.9078
1.7017,11.7249
1.70571,11.3046
1.70971,11.1775
1.71371,11.1228
1.71772,11.506
1.72172,12.4253
1.72573,12.9651
1.72973,13.2595
1.73373,13.4078
1.73774,13.1069
1.74174,12.4111
1.74575,11.9702
1.74975,11.6772
1.75375,11.5229
1.75776,11.8146
1.76176,12.6046
1.76577,13.3102
1.76977,14.0153
1.77377,14.455
1.77778,14.2934
1.78178,13.7886
1.78579,13.1677
1.78979,12.1907
1.79379,11.3811
1.7978,11.0154
1.8018,10.768
1.80581,10.7309
1.80981,10.9521
1.81381,11.1529
1.81782,11.0452
1.82182,10.6897
1.82583,10.2138
1.82983,9.35401
1.83383,8.58963
1.83784,8.19179
1.84184,7.90737
1.84585,7.87127
1.84985,8.30592
1.85385,8.87257
1.85786,9.26099
1.86186,9.59779
1.86587,9.66601
1.86987,9.35862
1.87387,8.97572
1.87788,8.69786
1.88188,8.45522
1.88589,8.41683
1.88989,8.8213
1.89389,9.40862
1.8979,9.96504
1.9019,10.5471
1.90591,10.7084
1.90991,10.4825
1.91391,10.1058
1.91792,9.51192
1.92192,8.70527
1.92593,8.29413
1.92993,8.10509
1.93393,8.00981
1.93794,8.16712
1.94194,8.58277
1.94595,8.73298
1.94995,8.63651
1.95395,8.45208
1.95796,8.00758
1.96196,7.227
1.96597,6.70707
1.96997,6.35603
1.97397,6.15815
1.97798,6.32001
1.98198,6.85286
1.98599,7.31579
1.98999,7.71131
1.99399,7.96886
1.998,7.8333
2.002,7.36198
2.00601,6.87079
2.01001,6.2483
2.01401,5.8226
2.01802,5.85074
2.02202,6.03681
2.02603,6.28842
2.03003,6.78392
2.03403,7.21434
2.03804,7.19941
2.04204,7.03895
2.04605,6.79491
2.05005,6.16864
2.05405,5.64168
2.05806,5.56413
2.06206,5.53533
2.06607,5.54947
2.07007,6.01413
2.07407,6.64407
2.07808,6.94582
2.08208,7.16227
2.08609,7.21158
2.09009,6.86519
2.09409,6.40004
2.0981,6.06598
2.1021,5.76928
2.10611,5.68351
2.11011,5.9073
2.11411,6.22993
2.11812,6.45
2.12212,6.64361
2.12613,6.6945
2.13013,6.33955
2.13413,5.78492
2.13814,5.18169
2.14214,4.50198
2.14615,4.21729
2.15015,4.15252
2.15415,4.12102
2.15816,4.22203
2.16216,4.55019
2.16617,4.69965
2.17017,4.64496
2.17417,4.53969
2.17818,4.33624
2.18218,3.99983
2.18619,3.87238
2.19019,3.97736
2.19419,4.18229
2.1982,4.51694
2.2022,5.09878
2.20621,5.50595
2.21021,5.71772
2.21421,5.84213
2.21822,5.74677
2.22222,5.38883
2.22623,5.11532
2.23023,4.93806
2.23423,4.82655
2.23824,4.90295
2.24224,5.20456
2.24625,5.39213
2.25025,5.44492
2.25425,5.47312
2.25826,5.33262
2.26226,4.79633
2.26627,4.26981
2.27027,3.70496
2.27427,3.30834
2.27828,3.28719
2.28228,3.35522
2.28629,3.45481
2.29029,3.694
2.29429,3.93848
2.2983,3.93137
2.3023,3.78619
2.30631,3.60765
2.31031,3.32112
2.31431,3.08303
2.31832,3.09727
2.32232,3.27468
2.32633,3.51187
2.33033,3.93008
2.33433,4.34441
2.33834,4.3896
2.34234,4.37348
2.34635,4.33954
2.35035,3.99461
2.35435,3.57094
2.35836,3.40009
2.36236,3.2965
2.36637,3.26447
2.37037,3.4871
2.37437,3.8244
2.37838,3.96347
2.38238,4.04493
2.38639,4.06998
2.39039,3.82057
2.39439,3.46269
2.3984,3.2557
2.4024,3.09584
2.40641,3.03796
2.41041,3.24241
2.41441,3.60256
2.41842,3.87691
2.42242,4.13681
2.42643,4.24503
2.43043,4.07407
2.43443,3.76113
2.43844,3.40554
2.44244,2.95547
2.44645,2.74905
2.45045,2.72682
2.45445,2.71565
2.45846,2.75204
2.46246,2.91115
2.46647,3.00296
2.47047,2.89592
2.47447,2.69176
2.47848,2.44439
2.48248,2.1113
2.48649,1.96602
2.49049,2.01895
2.49449,2.13815
2.4985,2.33505
2.5025,2.72929
2.50651,3.03254
2.51051,3.15526
2.51451,3.23014
2.51852,3.186
2.52252,2.96346
2.52653,2.8412
2.53053,2.86115
2.53453,2.91061
2.53854,3.03528
2.54254,3.3834
2.54655,3.64694
2.55055,3.72899
2.55455,3.77734
2.55856,3.71001
2.56256,3.34251
2.56657,2.96829
2.57057,2.61154
2.57457,2.33828
2.57858,2.30723
2.58258,2.3467
2.58659,2.38893
2.59059,2.42628
2.59459,2.4567
2.5986,2.41254
2.6026,2.16147
2.60661,1.91448
2.61061,1.70318
2.61461,1.54371
2.61862,1.55142
2.62262,1.74045
2.62663,1.98433
2.63063,2.27008
2.63463,2.55108
2.63864,2.59129
2.64264,2.53821
2.64665,2.45768
2.65065,2.26001
2.65465,2.04611
2.65866,2.01909
2.66266,2.07948
2.66667,2.17
2.67067,2.35549
2.67467,2.57876
2.67868,2.6109
2.68268,2.54022
2.68669,2.43163
2.69069,2.16352
2.69469,1.87084
2.6987,1.80641
2.7027,1.79537
2.70671,1.79147
2.71071,1.95061
2.71471,2.25878
2.71872,2.39918
2.72272,2.46835
2.72673,2.49699
2.73073,2.35021
2.73473,2.08815
2.73874,1.91749
2.74274,1.78039
2.74675,1.71726
2.75075,1.80228
2.75475,1.96212
2.75876,2.02892
2.76276,2.05799
2.76677,2.06994
2.77077,1.9166
2.77477,1.62231
2.77878,1.38223
2.78278,1.14526
2.78679,1.0337
2.79079,1.08244
2.79479,1.19911
2.7988,1.32651
2.8028,1.49881
2.80681,1.60402
2.81081,1.57429
2.81481,1.51508
2.81882,1.4757
2.82282,1.44463
2.82683,1.42944
2.83083,1.54166
2.83483,1.81181
2.83884,2.06326
2.84284,2.33714
2.84685,2.49657
2.85085,2.45628
2.85485,2.34936
2.85886,2.19256
2.86286,1.8975
2.86687,1.68174
2.87087,1.59775
2.87487,1.54439
2.87888,1.54783
2.88288,1.6414
2.88689,1.71566
2.89089,1.67326
2.89489,1.56153
2.8989,1.40655
2.9029,1.13435
2.90691,0.952249
2.91091,0.894404
2.91491,0.859398
2.91892,0.872373
2.92292,1.0357
2.92693,1.2124
2.93093,1.27248
2.93493,1.31181
2.93894,1.29818
2.94294,1.14693
2.94695,1.03884
2.95095,1.03419
2.95495,1.03237
2.95896,1.05182
2.96296,1.22887
2.96697,1.42727
2.97097,1.50521
2.97497,1.55852
2.97898,1.54919
2.98298,1.37903
2.98699,1.19906
2.99099,1.07242
2.99499,0.971844
2.999,0.961751
3.003,1.07609
3.00701,1.22879
3.01101,1.35516
3.01502,1.47364
3.01902,1.49375
3.02302,1.40981
3.02703,1.3042
3.03103,1.20023
3.03504,1.10252
3.03904,1.08758
3.04304,1.17225
3.04705,1.28542
3.05105,1.38299
3.05506,1.47638
3.05906,1.48865
3.06306,1.36727
3.06707,1.19796
3.07107,0.980103
3.07508,0.759857
3.07908,0.685257
3.08308,0.662139
3.08709,0.652088
3.09109,0.694222
3.0951,0.794417
3.0991,0.824572
3.1031,0.787363
3.10711,0.73364
3.11111,0.662684
3.11512,0.585445
3.11912,0.573109
3.12312,0.67085
3.12713,0.832245
3.13113,1.02542
3.13514,1.26972
3.13914,1.38249
3.14314,1.42184
3.14715,1.43996
3.15115,1.36802
3.15516,1.2113
3.15916,1.14372
3.16316,1.12185
3.16717,1.11168
3.17117,1.1611
3.17518,1.28332
3.17918,1.32422
3.18318,1.29283
3.18719,1.23483
3.19119,1.09396
3.1952,0.867947
3.1992,0.713381
3.2032,0.593346
3.20721,0.529783
3.21121,0.563018
3.21522,0.668656
3.21922,0.753807
3.22322,0.817148
3.22723,0.8554
3.23123,0.815461
3.23524,0.713326
3.23924,0.648051
3.24324,0.606214
3.24725,0.583304
3.25125,0.623392
3.25526,0.748637
3.25926,0.844953
3.26326,0.908128
3.26727,0.945321
3.27127,0.900422
3.27528,0.775003
3.27928,0.673605
3.28328,0.582093
3.28729,0.528155
3.29129,0.558772
3.2953,0.669142
3.2993,0.782309
3.3033,0.902359
3.30731,0.989287
3.31131,0.975758
3.31532,0.920286
3.31932,0.864213
3.32332,0.796512
3.32733,0.750805
3.33133,0.780851
3.33534,0.89033
3.33934,1.00407
3.34334,1.13004
3.34735,1.22323
3.35135,1.20334
3.35536,1.11567
3.35936,1.00442
3.36336,0.816016
3.36737,0.661927
3.37137,0.595934
3.37538,0.552762
3.37938,0.542911
3.38338,0.581096
3.38739,0.623301
3.39139,0.608515
3.3954,0.547205
3.3994,0.47425
3.4034,0.35657
3.40741,0.280643
3.41141,0.289634
3.41542,0.343481
3.41942,0.420211
3.42342,0.561317
3.42743,0.723584
3.43143,0.788986
3.43544,0.830213
3.43944,0.839057
3.44344,0.773522
3.44745,0.709057
3.45145,0.710782
3.45546,0.73745
3.45946,0.778465
3.46346,0.889097
3.46747,1.0023
3.47147,1.00857
3.47548,0.994432
3.47948,0.966684
3.48348,0.824166
3.48749,0.663176
3.49149,0.56247
3.4955,0.483097
3.4995,0.460241
3.5035,0.513985
3.50751,0.59446
3.51151,0.637095
3.51552,0.668957
3.51952,0.676993
3.52352,0.603363
3.52753,0.510812
3.53153,0.455915
3.53554,0.412633
3.53954,0.40015
3.54354,0.457267
3.54755,0.545983
3.55155,0.59156
3.55556,0.624547
3.55956,0.633428
3.56356,0.554769
3.56757,0.445747
3.57157,0.357452
3.57558,0.277272
3.57958,0.252083
3.58358,0.290415
3.58759,0.360626
3.59159,0.424976
3.5956,0.496112
3.5996,0.52466
3.6036,0.493951
3.60761,0.455148
3.61161,0.439382
3.61562,0.429508
3.61962,0.427747
3.62362,0.505217
3.62763,0.64888
3.63163,0.765856
3.63564,0.882902
3.63964,0.929834
3.64364,0.893094
3.64765,0.824518
3.65165,0.728085
3.65566,0.592512
3.65966,0.522511
3.66366,0.498714
3.66767,0.485893
3.67167,0.493284
3.67568,0.525303
3.67968,0.541654
3.68368,0.497372
3.68769,0.419213
3.69169,0.319149
3.6957,0.201846
3.6997,0.163514
3.7037,0.169458
3.70771,0.183243
3.71171,0.216721
3.71572,0.308109
3.71972,0.373704
3.72372,0.384799
3.72773,0.390595
3.73173,0.377851
3.73574,0.330957
3.73974,0.308737
3.74374,0.33312
3.74775,0.383029
3.75175,0.44561
3.75576,0.539551
3.75976,0.587737
3.76376,0.576293
3.76777,0.550532
3.77177,0.492853
3.77578,0.378012
3.77978,0.316094
3.78378,0.297026
3.78779,0.286521
3.79179,0.301965
3.7958,0.383105
3.7998,0.449631
3.8038,0.468056
3.80781,0.478655
3.81181,0.460135
3.81582,0.384148
3.81982,0.339904
3.82382,0.329916
3.82783,0.324469
3.83183,0.339485
3.83584,0.415125
3.83984,0.465775
3.84384,0.465181
3.84785,0.463548
3.85185,0.437565
3.85586,0.332566
3.85986,0.242605
3.86386,0.168611
3.86787,0.122929
3.87187,0.123723
3.87588,0.158763
3.87988,0.197857
3.88388,0.224713
3.88789,0.24528
3.89189,0.239286
3.8959,0.202561
3.8999,0.18334
3.9039,0.194512
3.90791,0.221825
3.91191,0.268084
3.91592,0.371885
3.91992,0.47813
3.92392,0.545008
3.92793,0.593527
3.93193,0.589322
3.93594,0.530642
3.93994,0.469297
3.94394,0.408955
3.94795,0.361865
3.95195,0.361242
3.95596,0.396755
3.95996,0.432849
3.96396,0.455943
3.96797,0.473159
3.97197,0.462018
3.97598,0.385815
3.97998,0.302913
3.98398,0.207717
3.98799,0.141388
3.99199,0.135061
3.996,0.152456
4,0.175157
