# 20251205_143750
# initdata:	data/AuAu200_cc_(0,5)/initdata.csv
# freezeout file: 	data/AuAu200_cc_(0,5)/freezeout.csv
# particle mass:	0.937143
# NpT:	400
# pTmax:	4
# epsabs:	0
# epsrel:	1e-05
# integr iter:	10000
pT,spec
0,1192.43
0.0100251,1195.62
0.0200501,1205.61
0.0300752,1223.31
0.0401003,1249.28
0.0501253,1282.64
0.0601504,1320.35
0.0701754,1357.18
0.0802005,1386.49
0.0902256,1401.87
0.100251,1399
0.110276,1377.35
0.120301,1340.75
0.130326,1296.8
0.140351,1254.77
0.150376,1222.8
0.160401,1204.95
0.170426,1199.52
0.180451,1199.35
0.190476,1194.12
0.200501,1174.26
0.210526,1134.83
0.220551,1077.96
0.230576,1011.66
0.240602,947.847
0.250627,896.085
0.260652,859.929
0.270677,835.225
0.280702,812.229
0.290727,780.59
0.300752,734.783
0.310777,677.152
0.320802,616.808
0.330827,564.801
0.340852,528.125
0.350877,505.953
0.360902,490.257
0.370927,470.684
0.380952,440.729
0.390977,401.55
0.401003,361.007
0.411028,328.508
0.421053,308.931
0.431078,299.576
0.441103,292.133
0.451128,278.424
0.461153,255.831
0.471178,228.926
0.481203,205.958
0.491228,192.843
0.501253,188.95
0.511278,187.718
0.521303,181.614
0.531328,167.715
0.541353,149.708
0.551378,134.842
0.561404,128.215
0.571429,128.85
0.581454,130.584
0.591479,127.029
0.601504,116.589
0.611529,103.53
0.621554,94.3129
0.631579,92.2435
0.641604,94.8637
0.651629,96.1758
0.661654,91.7351
0.671679,82.2853
0.681704,72.8905
0.691729,68.4329
0.701754,69.4258
0.711779,71.7558
0.721805,70.4688
0.73183,64.1634
0.741855,56.0907
0.75188,51.0712
0.761905,51.1046
0.77193,53.6673
0.781955,54.1754
0.79198,50.253
0.802005,43.8434
0.81203,39.2613
0.822055,39.0967
0.83208,41.8337
0.842105,43.3838
0.85213,40.9875
0.862155,35.7526
0.87218,31.4578
0.882206,30.8622
0.892231,33.112
0.902256,34.6982
0.912281,32.9342
0.922306,28.5164
0.932331,24.7111
0.942356,24.0662
0.952381,25.9489
0.962406,27.3026
0.972431,25.7703
0.982456,22.0112
0.992481,18.9313
1.00251,18.6949
1.01253,20.5874
1.02256,21.8493
1.03258,20.5436
1.04261,17.4832
1.05263,15.2888
1.06266,15.6305
1.07268,17.5352
1.08271,18.4613
1.09273,16.9513
1.10276,14.0744
1.11278,12.2176
1.12281,12.5666
1.13283,13.9454
1.14286,14.1705
1.15288,12.4082
1.16291,10.0169
1.17293,9.03715
1.18296,10.0062
1.19298,11.4408
1.20301,11.4905
1.21303,9.92764
1.22306,8.33503
1.23308,8.33767
1.24311,9.83231
1.25313,11.1195
1.26316,10.7484
1.27318,9.04345
1.28321,7.6825
1.29323,7.84089
1.30326,8.94903
1.31328,9.38184
1.32331,8.26275
1.33333,6.38491
1.34336,5.2889
1.35338,5.5731
1.36341,6.31546
1.37343,6.18929
1.38346,4.9719
1.39348,3.7582
1.40351,3.69079
1.41353,4.67578
1.42356,5.52231
1.43358,5.3084
1.44361,4.4025
1.45363,3.99762
1.46366,4.71786
1.47368,5.8908
1.48371,6.29704
1.49373,5.52831
1.50376,4.41623
1.51378,4.07243
1.52381,4.65006
1.53383,5.21886
1.54386,4.85873
1.55388,3.70329
1.56391,2.76405
1.57393,2.77559
1.58396,3.39907
1.59398,3.66601
1.60401,3.11089
1.61404,2.27835
1.62406,2.0531
1.63409,2.62325
1.64411,3.28011
1.65414,3.25617
1.66416,2.60357
1.67419,2.09824
1.68421,2.30996
1.69424,2.93823
1.70426,3.17638
1.71429,2.65687
1.72431,1.86818
1.73434,1.57589
1.74436,1.94506
1.75439,2.38777
1.76441,2.28873
1.77444,1.73598
1.78446,1.40175
1.79449,1.73275
1.80451,2.41433
1.81454,2.73306
1.82456,2.39942
1.83459,1.86378
1.84461,1.76863
1.85464,2.19373
1.86466,2.57417
1.87469,2.36739
1.88471,1.67535
1.89474,1.10681
1.90476,1.07069
1.91479,1.342
1.92481,1.38609
1.93484,1.02044
1.94486,0.617176
1.95489,0.627765
1.96491,1.0265
1.97494,1.3465
1.98496,1.25136
1.99499,0.940441
2.00501,0.897831
2.01504,1.29289
2.02506,1.75853
2.03509,1.81488
2.04511,1.43126
2.05514,1.05721
2.06516,1.09097
2.07519,1.42044
2.08521,1.57505
2.09524,1.2949
2.10526,0.836111
2.11529,0.659758
2.12531,0.889109
2.13534,1.18212
2.14536,1.15553
2.15539,0.839897
2.16541,0.624948
2.17544,0.776935
2.18546,1.11623
2.19549,1.23493
2.20551,0.979906
2.21554,0.620185
2.22556,0.512325
2.23559,0.681075
2.24561,0.81679
2.25564,0.673417
2.26566,0.370459
2.27569,0.237472
2.28571,0.40593
2.29574,0.654922
2.30576,0.694334
2.31579,0.528813
2.32581,0.451001
2.33584,0.672023
2.34586,1.04339
2.35589,1.2142
2.36591,1.03812
2.37594,0.742132
2.38596,0.656894
2.39599,0.83259
2.40602,0.99435
2.41604,0.878922
2.42607,0.543567
2.43609,0.28711
2.44612,0.295266
2.45614,0.442071
2.46617,0.471125
2.47619,0.316548
2.48622,0.169351
2.49624,0.223049
2.50627,0.425284
2.51629,0.54157
2.52632,0.44368
2.53634,0.261894
2.54637,0.217174
2.55639,0.348082
2.56642,0.469947
2.57644,0.410646
2.58647,0.225408
2.59649,0.12591
2.60652,0.217144
2.61654,0.371351
2.62657,0.39339
2.63659,0.268501
2.64662,0.182803
2.65664,0.290646
2.66667,0.51648
2.67669,0.636832
2.68672,0.543905
2.69674,0.370908
2.70677,0.329294
2.71679,0.456807
2.72682,0.578143
2.73684,0.51782
2.74687,0.303834
2.75689,0.123495
2.76692,0.0995168
2.77694,0.16343
2.78697,0.168193
2.79699,0.0829186
2.80702,0.0229308
2.81704,0.0875797
2.82707,0.221879
2.83709,0.281293
2.84712,0.215846
2.85714,0.136602
2.86717,0.176407
2.87719,0.318219
2.88722,0.407945
2.89724,0.339838
2.90727,0.186606
2.91729,0.11342
2.92732,0.181161
2.93734,0.279915
2.94737,0.271673
2.95739,0.163889
2.96742,0.0999018
2.97744,0.179834
2.98747,0.333542
2.99749,0.401103
3.00752,0.321367
3.01754,0.199687
3.02757,0.176795
3.03759,0.261833
3.04762,0.32922
3.05764,0.274464
3.06767,0.134707
3.07769,0.0341012
3.08772,0.0333309
3.09774,0.072116
3.10777,0.0652065
3.11779,0.0180432
3.12782,0.0124361
3.13784,0.0874579
3.14787,0.176917
3.15789,0.189325
3.16792,0.128665
3.17794,0.0970318
3.18797,0.16844
3.19799,0.289534
3.20802,0.334938
3.21805,0.254493
3.22807,0.133661
3.2381,0.0928371
3.24812,0.147916
3.25815,0.20029
3.26817,0.164442
3.2782,0.0737874
3.28822,0.0363984
3.29825,0.0991712
3.30827,0.189799
3.3183,0.206061
3.32832,0.139295
3.33835,0.0803142
3.34837,0.104197
3.3584,0.178631
3.36842,0.206324
3.37845,0.144141
3.38847,0.0507072
3.3985,0.00952205
3.40852,0.0301104
3.41855,0.0504114
3.42857,0.0293323
3.4386,0.00412122
3.44862,0.0373927
3.45865,0.125118
3.46867,0.1899
3.4787,0.17432
3.48872,0.117323
3.49875,0.112326
3.50877,0.192728
3.5188,0.284791
3.52882,0.289195
3.53885,0.195869
3.54887,0.0951711
3.5589,0.0733521
3.56892,0.118318
3.57895,0.145037
3.58897,0.103207
3.599,0.0340645
3.60902,0.0123718
3.61905,0.0521177
3.62907,0.0935262
3.6391,0.0820788
3.64912,0.0360324
3.65915,0.018814
3.66917,0.0555464
3.6792,0.101221
3.68922,0.0985082
3.69925,0.0488542
3.70927,0.00700136
3.7193,0.00984818
3.72932,0.0336554
3.73935,0.0333776
3.74937,0.00907977
3.7594,0.00921741
3.76942,0.0639461
3.77945,0.136623
3.78947,0.161138
3.7995,0.123405
3.80952,0.083941
3.81955,0.107969
3.82957,0.184892
3.8396,0.235829
3.84962,0.202714
3.85965,0.113741
3.86967,0.0487919
3.8797,0.0488948
3.88972,0.0778047
3.89975,0.0760419
3.90977,0.0352196
3.9198,0.00184595
3.92982,0.0126006
3.93985,0.047415
3.94987,0.05855
3.9599,0.0341538
3.96992,0.0124619
3.97995,0.0293427
3.98997,0.0690084
4,0.0827082
