# 20250602_134141
# initdata:	data/examplescenario/initdata.csv
# freezeout file: 	data/examplescenario/freezeout.csv
# particle mass:	0.844776
# NpT:	300
# pTmax:	3
# epsabs:	0
# epsrel:	1e-05
# integr iter:	1000
pT,spec
0,15531.5
0.0100334,15340.7
0.0200669,14788.4
0.0301003,13931.1
0.0401338,12849.7
0.0501672,11633.8
0.0602007,10365.9
0.0702341,9110.01
0.0802676,7907.07
0.090301,6778.54
0.100334,5735.13
0.110368,4786.58
0.120401,3947.85
0.130435,3238.43
0.140468,2674.99
0.150502,2261.26
0.160535,1980.86
0.170569,1798
0.180602,1667.47
0.190635,1549.79
0.200669,1424.15
0.210702,1292.39
0.220736,1171.33
0.230769,1078.07
0.240803,1016.75
0.250836,974.99
0.26087,932.014
0.270903,872.686
0.280936,797.644
0.29097,722.149
0.301003,664.382
0.311037,631.743
0.32107,615.411
0.331104,597.354
0.341137,564.316
0.351171,517.753
0.361204,471.757
0.371237,440.782
0.381271,427.433
0.391304,420.594
0.401338,405.348
0.411371,375.947
0.421405,340.384
0.431438,312.631
0.441472,299.753
0.451505,295.728
0.461538,287.546
0.471572,267.633
0.481605,240.733
0.491639,218.806
0.501672,209.159
0.511706,207.55
0.521739,202.929
0.531773,188.776
0.541806,169.453
0.551839,155.252
0.561873,151.531
0.571906,153.327
0.58194,150.922
0.591973,140.192
0.602007,126.646
0.61204,119.011
0.622074,119.575
0.632107,121.858
0.64214,117.944
0.652174,107.154
0.662207,96.4357
0.672241,92.2893
0.682274,93.5343
0.692308,93.0114
0.702341,86.0075
0.712375,75.5679
0.722408,68.7196
0.732441,68.2778
0.742475,69.8545
0.752508,67.3724
0.762542,60.3013
0.772575,54.023
0.782609,53.1402
0.792642,55.9562
0.802676,56.6864
0.812709,52.496
0.822742,46.7022
0.832776,44.4092
0.842809,46.1581
0.852843,47.4176
0.862876,44.3335
0.87291,38.4448
0.882943,34.5805
0.892977,34.8044
0.90301,36.079
0.913043,34.3892
0.923077,29.8916
0.93311,26.5526
0.943144,26.965
0.953177,29.0981
0.963211,29.0547
0.973244,26.0779
0.983278,23.311
0.993311,23.5056
1.00334,25.4191
1.01338,25.5298
1.02341,22.6662
1.03344,19.4214
1.04348,18.6461
1.05351,19.7849
1.06355,19.8425
1.07358,17.5022
1.08361,14.8346
1.09365,14.4307
1.10368,15.945
1.11371,16.6729
1.12375,15.2228
1.13378,13.2719
1.14381,13.1276
1.15385,14.5353
1.16388,15.0702
1.17391,13.455
1.18395,11.2303
1.19398,10.5805
1.20401,11.4075
1.21405,11.6323
1.22408,10.1776
1.23411,8.43923
1.24415,8.29232
1.25418,9.49886
1.26421,10.0974
1.27425,9.13982
1.28428,7.91506
1.29431,8.03183
1.30435,9.12586
1.31438,9.39071
1.32441,8.10811
1.33445,6.60527
1.34448,6.36799
1.35452,7.02967
1.36455,7.02534
1.37458,5.88099
1.38462,4.86497
1.39465,5.14665
1.40468,6.14112
1.41472,6.3683
1.42475,5.5352
1.43478,4.86718
1.44482,5.28186
1.45485,6.06317
1.46488,5.90235
1.47492,4.76166
1.48495,3.8993
1.49498,4.08265
1.50502,4.57672
1.51505,4.30065
1.52508,3.41497
1.53512,3.05505
1.54515,3.65804
1.55518,4.3315
1.56522,4.13998
1.57525,3.41359
1.58528,3.19833
1.59532,3.71192
1.60535,4.04518
1.61538,3.50708
1.62542,2.6228
1.63545,2.36441
1.64548,2.77684
1.65552,2.99279
1.66555,2.55174
1.67559,2.06169
1.68562,2.26422
1.69565,2.91804
1.70569,3.13727
1.71572,2.66076
1.72575,2.18654
1.73579,2.31792
1.74582,2.69526
1.75585,2.56496
1.76589,1.9078
1.77592,1.4636
1.78595,1.65446
1.79599,2.01123
1.80602,1.91532
1.81605,1.51759
1.82609,1.47663
1.83612,1.94095
1.84615,2.30361
1.85619,2.07908
1.86622,1.59151
1.87625,1.47221
1.88629,1.73862
1.89632,1.81342
1.90635,1.41816
1.91639,0.993633
1.92642,1.04239
1.93645,1.39719
1.94649,1.49806
1.95652,1.23089
1.96656,1.06884
1.97659,1.32839
1.98662,1.67254
1.99666,1.60112
2.00669,1.18084
2.01672,0.932747
2.02676,1.06728
2.03679,1.21413
2.04682,1.0212
2.05686,0.697212
2.06689,0.689542
2.07692,1.00506
2.08696,1.20125
2.09699,1.04542
2.10702,0.841706
2.11706,0.946066
2.12709,1.21645
2.13712,1.22391
2.14716,0.893459
2.15719,0.611933
2.16722,0.657823
2.17726,0.819242
2.18729,0.755117
2.19732,0.526786
2.20736,0.49372
2.21739,0.75022
2.22742,0.968181
2.23746,0.879558
2.24749,0.662304
2.25753,0.653715
2.26756,0.837815
2.27759,0.880358
2.28763,0.644058
2.29766,0.398041
2.30769,0.416567
2.31773,0.585428
2.32776,0.602872
2.33779,0.448909
2.34783,0.403831
2.35786,0.599932
2.36789,0.800715
2.37793,0.743699
2.38796,0.523127
2.39799,0.437791
2.40803,0.545588
2.41806,0.598961
2.42809,0.442208
2.43813,0.254598
2.44816,0.276304
2.45819,0.447417
2.46823,0.509543
2.47826,0.402515
2.48829,0.344616
2.49833,0.480928
2.50836,0.646082
2.51839,0.604423
2.52843,0.399445
2.53846,0.284608
2.54849,0.349817
2.55853,0.41126
2.56856,0.316394
2.5786,0.184354
2.58863,0.217193
2.59866,0.38282
2.6087,0.45963
2.61873,0.369544
2.62876,0.286355
2.6388,0.358928
2.64883,0.478683
2.65886,0.445443
2.6689,0.272581
2.67893,0.166698
2.68896,0.221244
2.699,0.294377
2.70903,0.246228
2.71906,0.15891
2.7291,0.201087
2.73913,0.354237
2.74916,0.42761
2.7592,0.339273
2.76923,0.232419
2.77926,0.253313
2.7893,0.334311
2.79933,0.309221
2.80936,0.174832
2.8194,0.096477
2.82943,0.15702
2.83946,0.239606
2.8495,0.217935
2.85953,0.151809
2.86957,0.185401
2.8796,0.311162
2.88963,0.368495
2.89967,0.280421
2.9097,0.16614
2.91973,0.160302
2.92977,0.219671
2.9398,0.20711
2.94983,0.113248
2.95987,0.0707911
2.9699,0.145737
2.97993,0.233651
2.98997,0.21996
3,0.152838
