# 20260615_153646
qT,primespec
0,1216.48
0.004004,1217.08
0.00800801,1217.73
0.012012,1218.79
0.016016,1220.6
0.02002,1222.7
0.024024,1224.99
0.028028,1227.43
0.032032,1229.7
0.036036,1232.02
0.04004,1233.5
0.044044,1234.1
0.048048,1234.47
0.0520521,1234.24
0.0560561,1232.2
0.0600601,1229.18
0.0640641,1224.86
0.0680681,1218.71
0.0720721,1211.47
0.0760761,1202.32
0.0800801,1191.79
0.0840841,1179.84
0.0880881,1166.3
0.0920921,1151.79
0.0960961,1135.95
0.1001,1119.32
0.104104,1102.05
0.108108,1084.17
0.112112,1066.26
0.116116,1048.17
0.12012,1030.36
0.124124,1012.97
0.128128,996.022
0.132132,979.877
0.136136,964.41
0.14014,949.735
0.144144,935.923
0.148148,922.823
0.152152,910.35
0.156156,898.53
0.16016,887.017
0.164164,875.734
0.168168,864.598
0.172172,853.159
0.176176,841.519
0.18018,829.379
0.184184,816.534
0.188188,803.005
0.192192,788.656
0.196196,773.378
0.2002,757.321
0.204204,740.443
0.208208,722.79
0.212212,704.717
0.216216,686.071
0.22022,667.312
0.224224,648.583
0.228228,629.959
0.232232,612.006
0.236236,594.528
0.24024,578.021
0.244244,562.616
0.248248,548.235
0.252252,535.362
0.256256,523.646
0.26026,513.309
0.264264,504.369
0.268268,496.503
0.272272,489.781
0.276276,484.007
0.28028,478.851
0.284284,474.226
0.288288,469.982
0.292292,465.622
0.296296,461.251
0.3003,456.579
0.304304,451.337
0.308308,445.559
0.312312,439.172
0.316316,431.998
0.32032,424.241
0.324324,415.917
0.328328,407.028
0.332332,397.984
0.336336,388.648
0.34034,379.436
0.344344,370.528
0.348348,361.928
0.352352,354.154
0.356356,346.956
0.36036,340.698
0.364364,335.473
0.368368,331.008
0.372372,327.678
0.376376,325.064
0.38038,323.104
0.384384,321.812
0.388388,320.833
0.392392,319.836
0.396396,318.903
0.4004,317.791
0.404404,316.145
0.408408,313.89
0.412412,311.099
0.416416,307.372
0.42042,302.944
0.424424,297.876
0.428428,292.023
0.432432,285.866
0.436436,279.234
0.44044,272.515
0.444444,265.936
0.448448,259.474
0.452452,253.649
0.456456,248.25
0.46046,243.607
0.464464,239.846
0.468468,236.685
0.472472,234.494
0.476476,232.88
0.48048,231.749
0.484484,231.121
0.488488,230.689
0.492492,230.151
0.496496,229.509
0.500501,228.666
0.504505,227.316
0.508509,225.285
0.512513,222.809
0.516517,219.537
0.520521,215.698
0.524525,211.444
0.528529,206.658
0.532533,201.803
0.536537,196.767
0.540541,191.882
0.544545,187.366
0.548549,183.138
0.552553,179.645
0.556557,176.624
0.560561,174.273
0.564565,172.691
0.568569,171.487
0.572573,170.849
0.576577,170.551
0.580581,170.3
0.584585,169.976
0.588589,169.607
0.592593,169.027
0.596597,167.857
0.600601,166.225
0.604605,164.148
0.608609,161.389
0.612613,158.325
0.616617,154.791
0.620621,151.038
0.624625,147.29
0.628629,143.496
0.632633,140.092
0.636637,136.93
0.640641,134.282
0.644645,132.291
0.648649,130.669
0.652653,129.902
0.656657,129.545
0.660661,129.366
0.664665,129.507
0.668669,129.898
0.672673,130.044
0.676677,129.97
0.680681,129.813
0.684685,129.303
0.688689,128.014
0.692693,126.431
0.696697,124.294
0.700701,121.76
0.704705,119.066
0.708709,116.109
0.712713,113.303
0.716717,110.558
0.720721,108.143
0.724725,106.235
0.728729,104.614
0.732733,103.886
0.736737,103.611
0.740741,103.474
0.744745,103.685
0.748749,104.408
0.752753,105.09
0.756757,105.765
0.760761,106.236
0.764765,106.174
0.768769,105.796
0.772773,105.22
0.776777,103.911
0.780781,102.068
0.784785,100.024
0.788789,97.5692
0.792793,95.1207
0.796797,92.6178
0.800801,90.3021
0.804805,88.386
0.808809,86.6963
0.812813,85.788
0.816817,85.3292
0.820821,85.0812
0.824825,85.2444
0.828829,85.9061
0.832833,86.6172
0.836837,87.483
0.840841,88.1499
0.844845,88.1978
0.848849,88.1702
0.852853,88.0974
0.856857,87.2278
0.860861,85.7475
0.864865,84.0983
0.868869,81.9895
0.872873,79.819
0.876877,77.5491
0.880881,75.3725
0.884885,73.5184
0.888889,71.844
0.892893,70.7726
0.896897,70.0704
0.900901,69.6538
0.904905,69.7011
0.908909,70.0245
0.912913,70.3936
0.916917,70.8859
0.920921,71.2886
0.924925,71.2813
0.928929,71.0664
0.932933,70.7223
0.936937,69.8075
0.940941,68.4319
0.944945,66.9049
0.948949,65.0364
0.952953,63.162
0.956957,61.2576
0.960961,59.4856
0.964965,58.0517
0.968969,56.788
0.972973,56.0939
0.976977,55.767
0.980981,55.584
0.984985,55.6663
0.988989,56.0617
0.992993,56.4302
0.996997,56.7346
1.001,56.9535
1.00501,56.8843
1.00901,56.4487
1.01301,55.8401
1.01702,54.836
1.02102,53.5098
1.02503,52.1171
1.02903,50.5507
1.03303,49.1207
1.03704,47.7685
1.04104,46.6682
1.04505,46.0923
1.04905,45.6913
1.05305,45.5541
1.05706,45.8448
1.06106,46.3874
1.06507,46.9818
1.06907,47.7393
1.07307,48.2746
1.07708,48.5837
1.08108,48.7772
1.08509,48.6757
1.08909,48.0692
1.09309,47.2692
1.0971,46.167
1.1011,44.8244
1.10511,43.5095
1.10911,42.1336
1.11311,41.0172
1.11712,40.0583
1.12112,39.387
1.12513,39.3199
1.12913,39.3976
1.13313,39.5294
1.13714,40.0105
1.14114,40.7344
1.14515,41.3365
1.14915,41.9379
1.15315,42.1989
1.15716,42.1122
1.16116,41.9068
1.16517,41.51
1.16917,40.5781
1.17317,39.4892
1.17718,38.2762
1.18118,36.991
1.18519,35.8583
1.18919,34.7768
1.19319,34.0627
1.1972,33.6477
1.2012,33.3859
1.20521,33.4106
1.20921,33.7197
1.21321,34.0927
1.21722,34.5605
1.22122,34.9869
1.22523,35.0446
1.22923,35.0025
1.23323,34.9254
1.23724,34.4576
1.24124,33.596
1.24525,32.6677
1.24925,31.5254
1.25325,30.4037
1.25726,29.3178
1.26126,28.3494
1.26527,27.7125
1.26927,27.2043
1.27327,26.9916
1.27728,27.0855
1.28128,27.2913
1.28529,27.5651
1.28929,28.0071
1.29329,28.274
1.2973,28.315
1.3013,28.3371
1.30531,28.2486
1.30931,27.6919
1.31331,26.9629
1.31732,26.0966
1.32132,25.0886
1.32533,24.1487
1.32933,23.1997
1.33333,22.5068
1.33734,22.0558
1.34134,21.7492
1.34535,21.7425
1.34935,22.0033
1.35335,22.3614
1.35736,22.8459
1.36136,23.4113
1.36537,23.799
1.36937,24.1171
1.37337,24.2626
1.37738,24.1143
1.38138,23.7651
1.38539,23.314
1.38939,22.6016
1.39339,21.8528
1.3974,21.1115
1.4014,20.4319
1.40541,20.0483
1.40941,19.78
1.41341,19.6633
1.41742,19.8284
1.42142,20.2074
1.42543,20.6319
1.42943,21.1974
1.43343,21.6953
1.43744,22.0585
1.44144,22.3325
1.44545,22.3524
1.44945,22.1355
1.45345,21.8098
1.45746,21.3059
1.46146,20.624
1.46547,19.9861
1.46947,19.3214
1.47347,18.8495
1.47748,18.6032
1.48148,18.4396
1.48549,18.4478
1.48949,18.7241
1.49349,19.0955
1.4975,19.527
1.5015,19.9962
1.50551,20.2519
1.50951,20.4161
1.51351,20.4906
1.51752,20.3018
1.52152,19.8371
1.52553,19.295
1.52953,18.5477
1.53353,17.7716
1.53754,17.0241
1.54154,16.3299
1.54555,15.8913
1.54955,15.5597
1.55355,15.4016
1.55756,15.4849
1.56156,15.6959
1.56557,15.9433
1.56957,16.3098
1.57357,16.5622
1.57758,16.6066
1.58158,16.6312
1.58559,16.5908
1.58959,16.2012
1.59359,15.6586
1.5976,15.0477
1.6016,14.3309
1.60561,13.6853
1.60961,13.045
1.61361,12.593
1.61762,12.3686
1.62162,12.2189
1.62563,12.2118
1.62963,12.4163
1.63363,12.6917
1.63764,12.9952
1.64164,13.3078
1.64565,13.3823
1.64965,13.3764
1.65365,13.3641
1.65766,13.1804
1.66166,12.7363
1.66567,12.2758
1.66967,11.7372
1.67367,11.2475
1.67768,10.8486
1.68168,10.5237
1.68569,10.4562
1.68969,10.5207
1.69369,10.6334
1.6977,10.8678
1.7017,11.2565
1.70571,11.592
1.70971,11.924
1.71371,12.1196
1.71772,12.098
1.72172,12.0161
1.72573,11.8764
1.72973,11.5056
1.73373,11.0549
1.73774,10.6101
1.74174,10.1653
1.74575,9.91102
1.74975,9.74736
1.75375,9.66542
1.75776,9.76482
1.76176,10.0538
1.76577,10.3801
1.76977,10.8049
1.77377,11.2126
1.77778,11.5156
1.78178,11.765
1.78579,11.8181
1.78979,11.7065
1.79379,11.519
1.7978,11.2209
1.8018,10.7734
1.80581,10.3569
1.80981,9.92476
1.81381,9.61401
1.81782,9.49348
1.82182,9.41702
1.82583,9.41425
1.82983,9.60256
1.83383,9.87008
1.83784,10.1424
1.84184,10.4307
1.84585,10.513
1.84985,10.5105
1.85385,10.5052
1.85786,10.3697
1.86186,9.98573
1.86587,9.57634
1.86987,9.09805
1.87387,8.64103
1.87788,8.25282
1.88188,7.9163
1.88589,7.82614
1.88989,7.83543
1.89389,7.85506
1.8979,7.9653
1.9019,8.2288
1.90591,8.44302
1.90991,8.62342
1.91391,8.73432
1.91792,8.69166
1.92192,8.53208
1.92593,8.31715
1.92993,7.9451
1.93393,7.51018
1.93794,7.08693
1.94194,6.6625
1.94595,6.38427
1.94995,6.18299
1.95395,6.0709
1.95796,6.112
1.96196,6.26415
1.96597,6.44378
1.96997,6.69683
1.97397,6.92978
1.97798,7.0441
1.98198,7.12437
1.98599,7.13805
1.98999,6.98796
1.99399,6.74863
1.998,6.47433
2.002,6.13475
2.00601,5.85861
2.01001,5.6064
2.01401,5.45045
2.01802,5.46218
2.02202,5.53761
2.02603,5.64877
2.03003,5.8877
2.03403,6.17903
2.03804,6.42909
2.04204,6.6697
2.04605,6.74645
2.05005,6.72821
2.05405,6.6898
2.05806,6.57237
2.06206,6.30256
2.06607,6.03855
2.07007,5.75089
2.07407,5.54061
2.07808,5.49507
2.08208,5.47336
2.08609,5.47501
2.09009,5.65007
2.09409,5.93079
2.0981,6.20302
2.1021,6.50809
2.10611,6.70873
2.11011,6.83534
2.11411,6.90864
2.11812,6.86173
2.12212,6.6704
2.12613,6.44089
2.13013,6.13211
2.13413,5.81019
2.13814,5.54106
2.14214,5.295
2.14615,5.21431
2.15015,5.22936
2.15415,5.26171
2.15816,5.35238
2.16216,5.56491
2.16617,5.75321
2.17017,5.91501
2.17417,6.02556
2.17818,6.01001
2.18218,5.90957
2.18619,5.76839
2.19019,5.50686
2.19419,5.18287
2.1982,4.87337
2.2022,4.55636
2.20621,4.34754
2.21021,4.20864
2.21421,4.12602
2.21822,4.14799
2.22222,4.26126
2.22623,4.39279
2.23023,4.57183
2.23423,4.7219
2.23824,4.73804
2.24224,4.73955
2.24625,4.73631
2.25025,4.58371
2.25425,4.3277
2.25826,4.06853
2.26226,3.76905
2.26627,3.52699
2.27027,3.31491
2.27427,3.17493
2.27828,3.1725
2.28228,3.21941
2.28629,3.28889
2.29029,3.44024
2.29429,3.62901
2.2983,3.76337
2.3023,3.88081
2.30631,3.92346
2.31031,3.87301
2.31431,3.7748
2.31832,3.63857
2.32232,3.42738
2.32633,3.23877
2.33033,3.06062
2.33433,2.93518
2.33834,2.93125
2.34234,2.97468
2.34635,3.04183
2.35035,3.20198
2.35435,3.42476
2.35836,3.6236
2.36236,3.82965
2.36637,3.92042
2.37037,3.9278
2.37437,3.93139
2.37838,3.8915
2.38238,3.71649
2.38639,3.53012
2.39039,3.32934
2.39439,3.16454
2.3984,3.11963
2.4024,3.09972
2.40641,3.09441
2.41041,3.20259
2.41441,3.40385
2.41842,3.5997
2.42242,3.82445
2.42643,3.98692
2.43043,4.08637
2.43443,4.14988
2.43844,4.13217
2.44244,4.01001
2.44645,3.85599
2.45045,3.65301
2.45445,3.43342
2.45846,3.26256
2.46246,3.10734
2.46647,3.04478
2.47047,3.0657
2.47447,3.1121
2.47848,3.18849
2.48248,3.33649
2.48649,3.46381
2.49049,3.55101
2.49449,3.61184
2.4985,3.60067
2.5025,3.4996
2.50651,3.36304
2.51051,3.16402
2.51451,2.92515
2.51852,2.70825
2.52252,2.49107
2.52653,2.36039
2.53053,2.30088
2.53453,2.26547
2.53854,2.27907
2.54254,2.37289
2.54655,2.4768
2.55055,2.57722
2.55455,2.66154
2.55856,2.66726
2.56256,2.62709
2.56657,2.56477
2.57057,2.43074
2.57457,2.24161
2.57858,2.06111
2.58258,1.8684
2.58659,1.74379
2.59059,1.68094
2.59459,1.64195
2.5986,1.6536
2.6026,1.75167
2.60661,1.87489
2.61061,2.0119
2.61461,2.15234
2.61862,2.22687
2.62262,2.27672
2.62663,2.29702
2.63063,2.24925
2.63463,2.15287
2.63864,2.05089
2.64264,1.9213
2.64665,1.85474
2.65065,1.85147
2.65465,1.84979
2.65866,1.87139
2.66266,2.00772
2.66667,2.18247
2.67067,2.36455
2.67467,2.55795
2.67868,2.69516
2.68268,2.81046
2.68669,2.8632
2.69069,2.83369
2.69469,2.76506
2.6987,2.67389
2.7027,2.52609
2.70671,2.39349
2.71071,2.28976
2.71471,2.21161
2.71872,2.20594
2.72272,2.25678
2.72673,2.33193
2.73073,2.44929
2.73473,2.60302
2.73874,2.7225
2.74274,2.83153
2.74675,2.88518
2.75075,2.86105
2.75475,2.80056
2.75876,2.71329
2.76276,2.55354
2.76677,2.38805
2.77077,2.22653
2.77477,2.08781
2.77878,2.04351
2.78278,2.02676
2.78679,2.02025
2.79079,2.07256
2.79479,2.18672
2.7988,2.28563
2.8028,2.3882
2.80681,2.44375
2.81081,2.42833
2.81481,2.38606
2.81882,2.31705
2.82282,2.16421
2.82683,1.98973
2.83083,1.81061
2.83483,1.63642
2.83884,1.52005
2.84284,1.4269
2.84685,1.38288
2.85085,1.4022
2.85485,1.45048
2.85886,1.50856
2.86286,1.59804
2.86687,1.65527
2.87087,1.65674
2.87487,1.65732
2.87888,1.64571
2.88288,1.55341
2.88689,1.43734
2.89089,1.31666
2.89489,1.19783
2.8989,1.13762
2.9029,1.10103
2.90691,1.08443
2.91091,1.12252
2.91491,1.21979
2.91892,1.32347
2.92292,1.45052
2.92693,1.56158
2.93093,1.63175
2.93493,1.68396
2.93894,1.68934
2.94294,1.64182
2.94695,1.57406
2.95095,1.4847
2.95495,1.3824
2.95896,1.32618
2.96296,1.29061
2.96697,1.27367
2.97097,1.309
2.97497,1.40376
2.97898,1.50914
2.98298,1.64402
2.98699,1.77207
2.99099,1.86799
2.99499,1.94569
2.999,1.96002
3.003,1.92864
3.00701,1.87843
3.01101,1.79622
3.01502,1.68256
3.01902,1.59535
3.02302,1.51775
3.02703,1.47572
3.03103,1.49145
3.03504,1.5393
3.03904,1.60272
3.04304,1.71109
3.04705,1.82434
3.05105,1.91189
3.05506,1.9862
3.05906,2.00104
3.06306,1.96662
3.06707,1.90927
3.07107,1.81367
3.07508,1.67036
3.07908,1.53611
3.08308,1.3962
3.08709,1.29393
3.09109,1.24386
3.0951,1.21003
3.0991,1.20633
3.1031,1.24957
3.10711,1.30746
3.11111,1.35854
3.11512,1.40806
3.11912,1.41912
3.12312,1.39228
3.12713,1.3466
3.13113,1.27002
3.13514,1.15275
3.13914,1.04125
3.14314,0.921001
3.14715,0.837108
3.15115,0.805397
3.15516,0.785489
3.15916,0.785219
3.16316,0.840381
3.16717,0.92098
3.17117,0.999208
3.17518,1.08262
3.17918,1.11545
3.18318,1.12434
3.18719,1.12832
3.19119,1.1001
3.1952,1.02083
3.1992,0.942763
3.2032,0.852317
3.20721,0.790104
3.21121,0.776106
3.21522,0.768593
3.21922,0.770776
3.22322,0.828838
3.22723,0.916188
3.23123,0.998777
3.23524,1.08764
3.23924,1.1339
3.24324,1.15588
3.24725,1.16688
3.25125,1.14423
3.25526,1.07527
3.25926,1.00353
3.26326,0.916013
3.26727,0.850031
3.27127,0.828138
3.27528,0.814966
3.27928,0.81486
3.28328,0.868827
3.28729,0.95324
3.29129,1.03694
3.2953,1.13146
3.2993,1.19058
3.3033,1.2267
3.30731,1.24646
3.31131,1.22828
3.31532,1.16653
3.31932,1.097
3.32332,1.00631
3.32733,0.924951
3.33133,0.874742
3.33534,0.836359
3.33934,0.827177
3.34334,0.860097
3.34735,0.914782
3.35135,0.978656
3.35536,1.06042
3.35936,1.11551
3.36336,1.15077
3.36737,1.17096
3.37137,1.15532
3.37538,1.09788
3.37938,1.03072
3.38338,0.939815
3.38739,0.852609
3.39139,0.789845
3.3954,0.73802
3.3994,0.723407
3.4034,0.746626
3.40741,0.788014
3.41141,0.8436
3.41542,0.924903
3.41942,0.990039
3.42342,1.04157
3.42743,1.0743
3.43143,1.0665
3.43544,1.02926
3.43944,0.98095
3.44344,0.902731
3.44745,0.819167
3.45145,0.750895
3.45546,0.689597
3.45946,0.670299
3.46346,0.680484
3.46747,0.700481
3.47147,0.736482
3.47548,0.802612
3.47948,0.857859
3.48348,0.901244
3.48749,0.929699
3.49149,0.922581
3.4955,0.88616
3.4995,0.838391
3.5035,0.761153
3.50751,0.675572
3.51151,0.599314
3.51552,0.527462
3.51952,0.503598
3.52352,0.505382
3.52753,0.509512
3.53153,0.528997
3.53554,0.587069
3.53954,0.641929
3.54354,0.689268
3.54755,0.72303
3.55155,0.721313
3.55556,0.701586
3.55956,0.67327
3.56356,0.615918
3.56757,0.54868
3.57157,0.491525
3.57558,0.437736
3.57958,0.41919
3.58358,0.426833
3.58759,0.442873
3.59159,0.472867
3.5956,0.534243
3.5996,0.59322
3.6036,0.646912
3.60761,0.686378
3.61161,0.687446
3.61562,0.674987
3.61962,0.655719
3.62362,0.60643
3.62763,0.545541
3.63163,0.496711
3.63564,0.451335
3.63964,0.435063
3.64364,0.448225
3.64765,0.475306
3.65165,0.516237
3.65566,0.588633
3.65966,0.661029
3.66366,0.732319
3.66767,0.787451
3.67167,0.79364
3.67568,0.7939
3.67968,0.793404
3.68368,0.755425
3.68769,0.695468
3.69169,0.645493
3.6957,0.595586
3.6997,0.576234
3.7037,0.58403
3.70771,0.601178
3.71171,0.632389
3.71572,0.698307
3.71972,0.765983
3.72372,0.833102
3.72773,0.886305
3.73173,0.891763
3.73574,0.887649
3.73974,0.880005
3.74374,0.83206
3.74775,0.755849
3.75175,0.68338
3.75576,0.605392
3.75976,0.551451
3.76376,0.515799
3.76777,0.49329
3.77177,0.4959
3.77578,0.52062
3.77978,0.549479
3.78378,0.583621
3.78779,0.613668
3.79179,0.615425
3.7958,0.603246
3.7998,0.584003
3.8038,0.536135
3.80781,0.468273
3.81181,0.401583
3.81582,0.330466
3.81982,0.282674
3.82382,0.251915
3.82783,0.23269
3.83183,0.235299
3.83584,0.261336
3.83984,0.29391
3.84384,0.332844
3.84785,0.370723
3.85185,0.380789
3.85586,0.384322
3.85986,0.385432
3.86386,0.362168
3.86787,0.321436
3.87187,0.284632
3.87588,0.245268
3.87988,0.228416
3.88388,0.232961
3.88789,0.244052
3.89189,0.264972
3.8959,0.316128
3.8999,0.375408
3.9039,0.43257
3.90791,0.485511
3.91191,0.509198
3.91592,0.5232
3.91992,0.528503
3.92392,0.509108
3.92793,0.473206
3.93193,0.440517
3.93594,0.404638
3.93994,0.388076
3.94394,0.394988
3.94795,0.411773
3.95195,0.439204
3.95596,0.497294
3.95996,0.563009
3.96396,0.627746
3.96797,0.687634
3.97197,0.712899
3.97598,0.726776
3.97998,0.732137
3.98398,0.707303
3.98799,0.657446
3.99199,0.609549
3.996,0.557176
4,0.507822
