# 20260615_151530
# initdata:	data/AuAu200_cc_(0,5)plus10/initdata.csv
# freezeout file: 	data/AuAu200_cc_(0,5)plus10/freezeout.csv
# particle mass:	0.885714
# NpT:	400
# pTmax:	4
# epsabs:	0
# epsrel:	1e-05
# integr iter:	10000
pT,spec
0,1811.01
0.0100251,1814.09
0.0200501,1821.98
0.0300752,1830.88
0.0401003,1835.02
0.0501253,1827.6
0.0601504,1802.04
0.0701754,1753.49
0.0802005,1680.17
0.0902256,1584.25
0.100251,1471.85
0.110276,1352.04
0.120301,1234.91
0.130326,1129.2
0.140351,1040.19
0.150376,968.475
0.160401,910.086
0.170426,858.128
0.180451,805.289
0.190476,746.528
0.200501,680.927
0.210526,612.015
0.220551,546.373
0.230576,491.036
0.240602,450.462
0.250627,424.916
0.260652,409.969
0.270677,398.405
0.280702,383.161
0.290727,360.263
0.300752,330.394
0.310777,298.354
0.320802,270.595
0.330827,251.994
0.340852,243.403
0.350877,241.222
0.360902,239.235
0.370927,231.796
0.380952,216.725
0.390977,196.35
0.401003,176.143
0.411028,161.602
0.421053,155.259
0.431078,155.244
0.441103,156.471
0.451128,153.622
0.461153,144.223
0.471178,130.005
0.481203,115.723
0.491228,106.192
0.501253,103.33
0.511278,105.072
0.521303,106.787
0.531328,104.282
0.541353,96.4475
0.551378,85.8466
0.561404,76.8915
0.571429,72.8571
0.581454,73.7298
0.591479,76.3247
0.601504,76.5472
0.611529,72.2194
0.621554,64.5065
0.631579,56.9848
0.641604,53.0439
0.651629,53.4899
0.661654,56.0453
0.671679,57.0703
0.681704,54.2192
0.691729,48.0934
0.701754,41.7062
0.711779,38.1986
0.721805,38.526
0.73183,40.8287
0.741855,41.9159
0.75188,39.6967
0.761905,34.7076
0.77193,29.6058
0.781955,27.0688
0.79198,27.754
0.802005,29.8819
0.81203,30.7158
0.822055,28.7291
0.83208,24.7471
0.842105,21.1967
0.85213,20.12
0.862155,21.5626
0.87218,23.6147
0.882206,24.0164
0.892231,21.9894
0.902256,18.8058
0.912281,16.6679
0.922306,16.864
0.932331,18.7277
0.942356,20.2388
0.952381,19.7226
0.962406,17.217
0.972431,14.3852
0.982456,13.0861
0.992481,13.8304
1.00251,15.4103
1.01253,15.9747
1.02256,14.6016
1.03258,12.0322
1.04261,9.97778
1.05263,9.63868
1.06266,10.7166
1.07268,11.7429
1.08271,11.39
1.09273,9.60582
1.10276,7.60201
1.11278,6.75179
1.12281,7.39393
1.13283,8.58671
1.14286,8.99109
1.15288,8.06817
1.16291,6.52578
1.17293,5.64405
1.18296,6.11114
1.19298,7.41568
1.20301,8.32457
1.21303,7.98371
1.22306,6.6611
1.23308,5.46775
1.24311,5.34266
1.25313,6.2238
1.26316,7.1381
1.27318,7.10079
1.28321,5.9946
1.29323,4.64329
1.30326,4.04214
1.31328,4.46594
1.32331,5.2598
1.33333,5.47516
1.34336,4.7432
1.35338,3.58599
1.36341,2.90455
1.37343,3.14173
1.38346,3.89654
1.39348,4.32626
1.40351,3.93871
1.41353,3.03248
1.42356,2.39145
1.43358,2.5409
1.44361,3.26712
1.45363,3.83662
1.46366,3.68926
1.47368,2.9476
1.48371,2.27576
1.49373,2.24057
1.50376,2.78595
1.51378,3.30691
1.52381,3.23468
1.53383,2.5697
1.54386,1.86498
1.55388,1.69254
1.56391,2.10916
1.57393,2.62268
1.58396,2.67459
1.59398,2.1685
1.60401,1.54526
1.61404,1.3482
1.62406,1.7056
1.63409,2.2222
1.64411,2.37093
1.65414,1.99821
1.66416,1.45954
1.67419,1.26666
1.68421,1.59457
1.69424,2.12114
1.70426,2.34257
1.71429,2.05317
1.72431,1.52853
1.73434,1.24791
1.74436,1.43264
1.75439,1.84415
1.76441,2.02427
1.77444,1.73475
1.78446,1.17246
1.79449,0.766031
1.80451,0.765319
1.81454,1.02349
1.82456,1.16978
1.83459,0.987361
1.84461,0.62062
1.85464,0.417073
1.86466,0.572742
1.87469,0.937169
1.88471,1.1674
1.89474,1.07183
1.90476,0.799838
1.91479,0.690492
1.92481,0.931449
1.93484,1.36549
1.94486,1.63459
1.95489,1.5204
1.96491,1.15029
1.97494,0.871833
1.98496,0.921163
1.99499,1.20568
2.00501,1.40427
2.01504,1.27905
2.02506,0.894724
2.03509,0.542113
2.04511,0.45363
2.05514,0.592992
2.06516,0.715701
2.07519,0.625123
2.08521,0.3635
2.09524,0.154805
2.10526,0.169849
2.11529,0.356874
2.12531,0.505159
2.13534,0.468845
2.14536,0.318235
2.15539,0.264145
2.16541,0.434394
2.17544,0.731683
2.18546,0.91965
2.19549,0.853293
2.20551,0.623675
2.21554,0.471348
2.22556,0.552579
2.23559,0.788049
2.24561,0.941609
2.25564,0.849853
2.26566,0.577277
2.27569,0.348597
2.28571,0.330061
2.29574,0.476472
2.30576,0.589527
2.31579,0.521907
2.32581,0.321133
2.33584,0.174002
2.34586,0.214155
2.35589,0.388955
2.36591,0.516783
2.37594,0.472237
2.38596,0.310493
2.39599,0.207386
2.40602,0.278901
2.41604,0.463283
2.42607,0.583026
2.43609,0.521909
2.44612,0.338562
2.45614,0.204766
2.46617,0.233509
2.47619,0.370355
2.48622,0.454536
2.49624,0.384337
2.50627,0.218586
2.51629,0.113978
2.52632,0.165006
2.53634,0.310115
2.54637,0.398095
2.55639,0.345301
2.56642,0.222877
2.57644,0.184952
2.58647,0.310145
2.59649,0.516507
2.60652,0.636547
2.61654,0.578991
2.62657,0.41729
2.63659,0.317931
2.64662,0.379175
2.65664,0.537939
2.66667,0.633031
2.67669,0.559689
2.68672,0.364552
2.69674,0.193638
2.70677,0.151284
2.71679,0.210257
2.72682,0.254983
2.73684,0.205263
2.74687,0.0926434
2.75689,0.0176844
2.76692,0.040121
2.77694,0.11873
2.78697,0.160555
2.79699,0.123428
2.80702,0.0618418
2.81704,0.0678271
2.82707,0.169461
2.83709,0.294489
2.84712,0.339374
2.85714,0.274623
2.86717,0.178271
2.87719,0.161103
2.88722,0.256748
2.89724,0.3861
2.90727,0.432039
2.91729,0.350768
2.92732,0.211865
2.93734,0.128677
2.94737,0.150948
2.95739,0.223746
2.96742,0.249069
2.97744,0.184483
2.98747,0.0805992
2.99749,0.0245492
3.00752,0.0514305
3.01754,0.11379
3.02757,0.136121
3.03759,0.0943199
3.04762,0.0375891
3.05764,0.0329192
3.06767,0.0924427
3.07769,0.159791
3.08772,0.168532
3.09774,0.110936
3.10777,0.0456631
3.11779,0.0371842
3.12782,0.0901138
3.13784,0.145958
3.14787,0.144564
3.15789,0.0860712
3.16792,0.0296722
3.17794,0.03145
3.18797,0.0863668
3.19799,0.134503
3.20802,0.1246
3.21805,0.0689124
3.22807,0.0318563
3.2381,0.0637707
3.24812,0.147409
3.25815,0.212573
3.26817,0.205088
3.2782,0.141059
3.28822,0.0917319
3.29825,0.113672
3.30827,0.193166
3.3183,0.258977
3.32832,0.24977
3.33835,0.169915
3.34837,0.0813058
3.3584,0.0430366
3.36842,0.0598768
3.37845,0.0873455
3.38847,0.0822648
3.3985,0.0444255
3.40852,0.00928612
3.41855,0.00506859
3.42857,0.0230957
3.4386,0.0322739
3.44862,0.0188891
3.45865,0.00551045
3.46867,0.0264652
3.4787,0.0859707
3.48872,0.145863
3.49875,0.159781
3.50877,0.120821
3.5188,0.0727559
3.52882,0.0701654
3.53885,0.12502
3.54887,0.192753
3.5589,0.212882
3.56892,0.16538
3.57895,0.0883499
3.58897,0.0408252
3.599,0.0480406
3.60902,0.0821898
3.61905,0.0948343
3.62907,0.066044
3.6391,0.0210859
3.64912,0.000692703
3.65915,0.0181498
3.66917,0.0477092
3.6792,0.0543483
3.68922,0.0317831
3.69925,0.00841067
3.70927,0.0157132
3.7193,0.0532481
3.72932,0.0874676
3.73935,0.0856862
3.74937,0.049658
3.7594,0.013793
3.76942,0.0100398
3.77945,0.0360208
3.78947,0.0592351
3.7995,0.0523172
3.80952,0.0220865
3.81955,0.00195454
3.82957,0.015876
3.8396,0.0520381
3.84962,0.0745122
3.85965,0.0613681
3.86967,0.0294941
3.8797,0.0192381
3.88972,0.0531834
3.89975,0.110776
3.90977,0.145627
3.9198,0.129699
3.92982,0.0811157
3.93985,0.0478413
3.94987,0.0626089
3.9599,0.112421
3.96992,0.151346
3.97995,0.143272
3.98997,0.0934548
4,0.0404464
