# 20260615_153235
qT,primespec
0,1886.33
0.004004,1882.73
0.00800801,1878.81
0.012012,1872.32
0.016016,1860.9
0.02002,1847.04
0.024024,1831.08
0.028028,1812.51
0.032032,1792.75
0.036036,1771.19
0.04004,1748.74
0.044044,1725.69
0.048048,1702.05
0.0520521,1678.51
0.0560561,1654.92
0.0600601,1631.58
0.0640641,1608.66
0.0680681,1586.04
0.0720721,1563.71
0.0760761,1541.73
0.0800801,1519.7
0.0840841,1497.58
0.0880881,1475.25
0.0920921,1452.16
0.0960961,1428.42
0.1001,1403.63
0.104104,1377.52
0.108108,1350.06
0.112112,1321.08
0.116116,1290.39
0.12012,1258.21
0.124124,1224.42
0.128128,1189.12
0.132132,1152.83
0.136136,1115.29
0.14014,1077.28
0.144144,1038.96
0.148148,1000.56
0.152152,962.999
0.156156,925.991
0.16016,890.48
0.164164,856.667
0.168168,824.579
0.172172,795.104
0.176176,767.691
0.18018,742.895
0.184184,720.748
0.188188,700.801
0.192192,683.322
0.196196,667.872
0.2002,654.031
0.204204,641.703
0.208208,630.472
0.212212,619.579
0.216216,609.227
0.22022,598.704
0.224224,587.618
0.228228,576.057
0.232232,563.614
0.236236,550.17
0.24024,535.939
0.244244,520.84
0.248248,504.987
0.252252,488.963
0.256256,472.551
0.26026,456.489
0.264264,441.011
0.268268,426.175
0.272272,412.834
0.276276,400.538
0.28028,389.901
0.284284,381.02
0.288288,373.445
0.292292,367.646
0.296296,363.062
0.3003,359.369
0.304304,356.532
0.308308,354.16
0.312312,351.544
0.316316,348.798
0.32032,345.582
0.324324,341.381
0.328328,336.145
0.332332,330.052
0.336336,322.631
0.34034,314.372
0.344344,305.429
0.348348,295.776
0.352352,286.218
0.356356,276.526
0.36036,267.41
0.364364,259.143
0.368368,251.618
0.372372,245.645
0.376376,240.599
0.38038,236.88
0.384384,234.551
0.388388,232.853
0.392392,231.968
0.396396,231.564
0.4004,231.142
0.404404,230.369
0.408408,229.201
0.412412,227.505
0.416416,224.524
0.42042,220.624
0.424424,215.851
0.428428,209.901
0.432432,203.533
0.436436,196.461
0.44044,189.298
0.444444,182.382
0.448448,175.692
0.452452,170.042
0.456456,164.998
0.46046,161.123
0.464464,158.5
0.468468,156.522
0.472472,156.03
0.476476,156.017
0.48048,156.011
0.484484,156.105
0.488488,156.317
0.492492,156.309
0.496496,155.242
0.500501,153.464
0.504505,150.987
0.508509,147.293
0.512513,143.149
0.516517,138.223
0.520521,133.006
0.524525,127.854
0.528529,122.719
0.532533,118.359
0.536537,114.412
0.540541,111.432
0.544545,109.637
0.548549,108.325
0.552553,108.017
0.556557,108.378
0.560561,108.917
0.564565,109.543
0.568569,110.26
0.572573,110.447
0.576577,109.935
0.580581,109.005
0.584585,107.425
0.588589,104.706
0.592593,101.647
0.596597,97.9873
0.600601,94.1271
0.604605,90.4118
0.608609,86.7736
0.612613,83.8973
0.616617,81.3532
0.620621,79.7104
0.624625,79.3099
0.628629,79.0956
0.632633,79.0922
0.636637,79.8894
0.640641,80.9296
0.644645,81.6059
0.648649,82.1781
0.652653,82.3114
0.656657,81.633
0.660661,80.4434
0.664665,78.7801
0.668669,76.2588
0.672673,73.5734
0.676677,70.5851
0.680681,67.6645
0.684685,65.1019
0.688689,62.7705
0.692693,61.3896
0.696697,60.5245
0.700701,60.0506
0.704705,60.244
0.708709,60.9807
0.712713,61.7815
0.716717,62.8185
0.720721,63.5963
0.724725,63.6102
0.728729,63.4618
0.732733,63.1761
0.736737,61.8833
0.740741,59.9302
0.744745,57.8123
0.748749,55.2688
0.752753,52.8635
0.756757,50.476
0.760761,48.4829
0.764765,47.1741
0.768769,46.1509
0.772773,45.8501
0.776777,46.1369
0.780781,46.6442
0.784785,47.3525
0.788789,48.3687
0.792793,48.9461
0.796797,49.1875
0.800801,49.3166
0.804805,49.0051
0.808809,47.7939
0.812813,46.3244
0.816817,44.3953
0.820821,42.2238
0.824825,40.1433
0.828829,38.0595
0.832833,36.5154
0.836837,35.2608
0.840841,34.4798
0.844845,34.4889
0.848849,34.7682
0.852853,35.166
0.856857,35.982
0.860861,36.8907
0.864865,37.4096
0.868869,37.8044
0.872873,37.9203
0.876877,37.4033
0.880881,36.463
0.884885,35.2945
0.888889,33.6474
0.892893,32.0095
0.896897,30.3208
0.900901,28.8498
0.904905,27.8833
0.908909,27.1171
0.912913,26.8656
0.916917,27.1205
0.920921,27.596
0.924925,28.2186
0.928929,29.1266
0.932933,29.7958
0.936937,30.2282
0.940941,30.4989
0.944945,30.3662
0.948949,29.689
0.952953,28.8208
0.956957,27.5903
0.960961,26.1648
0.964965,24.8391
0.968969,23.5162
0.972973,22.6641
0.976977,22.1408
0.980981,21.8266
0.984985,21.9157
0.988989,22.4304
0.992993,23.0418
0.996997,23.8213
1.001,24.5585
1.00501,24.8568
1.00901,25.0354
1.01301,25.0872
1.01702,24.5923
1.02102,23.6835
1.02503,22.6795
1.02903,21.4012
1.03303,20.2208
1.03704,19.0708
1.04104,18.1766
1.04505,17.8544
1.04905,17.6749
1.05305,17.6204
1.05706,17.9936
1.06106,18.6502
1.06507,19.2533
1.06907,19.9204
1.07307,20.2082
1.07708,20.1634
1.08108,20.0546
1.08509,19.7476
1.08909,18.8603
1.09309,17.8469
1.0971,16.7222
1.1011,15.5897
1.10511,14.6647
1.10911,13.8085
1.11311,13.468
1.11712,13.4806
1.12112,13.513
1.12513,13.668
1.12913,14.2195
1.13313,14.7489
1.13714,15.1592
1.14114,15.4635
1.14515,15.4495
1.14915,15.1649
1.15315,14.7589
1.15716,14.0686
1.16116,13.1809
1.16517,12.3426
1.16917,11.4714
1.17317,10.8974
1.17718,10.5737
1.18118,10.3718
1.18519,10.4188
1.18919,10.8014
1.19319,11.2751
1.1972,11.8394
1.2012,12.4105
1.20521,12.6933
1.20921,12.8767
1.21321,12.9465
1.21722,12.6809
1.22122,12.1479
1.22523,11.5603
1.22923,10.8054
1.23323,10.1469
1.23724,9.56843
1.24124,9.14309
1.24525,9.10159
1.24925,9.21701
1.25325,9.39877
1.25726,9.81012
1.26126,10.4032
1.26527,10.8916
1.26927,11.3694
1.27327,11.5928
1.27728,11.5293
1.28128,11.3735
1.28529,11.098
1.28929,10.4843
1.29329,9.8191
1.2973,9.13738
1.3013,8.51616
1.30531,8.17702
1.30931,7.94125
1.31331,7.84467
1.31732,8.01427
1.32132,8.37644
1.32533,8.762
1.32933,9.25357
1.33333,9.60277
1.33734,9.75121
1.34134,9.84398
1.34535,9.79707
1.34935,9.41497
1.35335,8.92039
1.35736,8.3336
1.36136,7.68564
1.36537,7.15331
1.36937,6.64428
1.37337,6.40764
1.37738,6.42317
1.38138,6.46618
1.38539,6.57287
1.38939,6.9189
1.39339,7.27397
1.3974,7.53157
1.4014,7.73419
1.40541,7.74412
1.40941,7.56272
1.41341,7.29413
1.41742,6.87228
1.42142,6.31721
1.42543,5.80661
1.42943,5.27653
1.43343,4.94789
1.43744,4.82636
1.44144,4.75268
1.44545,4.77886
1.44945,5.04809
1.45345,5.38679
1.45746,5.73461
1.46146,6.06662
1.46547,6.13417
1.46947,6.13525
1.47347,6.13564
1.47748,5.94315
1.48148,5.5211
1.48549,5.10809
1.48949,4.63858
1.49349,4.27938
1.4975,4.05727
1.5015,3.90206
1.50551,3.89724
1.50951,4.08182
1.51351,4.34241
1.51752,4.65838
1.52152,5.0278
1.52553,5.2662
1.52953,5.4439
1.53353,5.52984
1.53754,5.43617
1.54154,5.2039
1.54555,4.93055
1.54955,4.54341
1.55355,4.19204
1.55756,3.91268
1.56156,3.69409
1.56557,3.66121
1.56957,3.75696
1.57357,3.90852
1.57758,4.15422
1.58158,4.50403
1.58559,4.78365
1.58959,5.0391
1.59359,5.17764
1.5976,5.1344
1.6016,5.01022
1.60561,4.83065
1.60961,4.48572
1.61361,4.11711
1.61762,3.76248
1.62162,3.44879
1.62563,3.35049
1.62963,3.32241
1.63363,3.31089
1.63764,3.41712
1.64164,3.68221
1.64565,3.92075
1.64965,4.16918
1.65365,4.31823
1.65766,4.30201
1.66166,4.24426
1.66567,4.13983
1.66967,3.84676
1.67367,3.49771
1.67768,3.14749
1.68168,2.80703
1.68569,2.61619
1.68969,2.491
1.69369,2.43018
1.6977,2.50031
1.7017,2.69471
1.70571,2.90286
1.70971,3.1626
1.71371,3.3713
1.71772,3.4532
1.72172,3.50614
1.72573,3.50149
1.72973,3.3318
1.73373,3.09591
1.73774,2.83676
1.74174,2.55445
1.74575,2.37295
1.74975,2.23872
1.75375,2.16924
1.75776,2.2207
1.76176,2.3748
1.76577,2.55271
1.76977,2.79469
1.77377,3.01751
1.77778,3.14543
1.78178,3.24048
1.78579,3.25297
1.78979,3.12913
1.79379,2.94203
1.7978,2.71036
1.8018,2.42671
1.80581,2.20295
1.80981,1.99801
1.81381,1.88336
1.81782,1.90068
1.82182,1.96736
1.82583,2.06226
1.82983,2.2501
1.83383,2.4545
1.83784,2.59426
1.84184,2.70991
1.84585,2.73446
1.84985,2.65312
1.85385,2.52044
1.85786,2.3326
1.86186,2.07498
1.86587,1.85164
1.86987,1.6246
1.87387,1.49216
1.87788,1.4927
1.88188,1.51233
1.88589,1.55072
1.88989,1.70039
1.89389,1.89489
1.8979,2.04657
1.9019,2.18643
1.90591,2.22456
1.90991,2.18737
1.91391,2.11989
1.91792,1.99378
1.92192,1.78563
1.92593,1.59879
1.92993,1.40232
1.93393,1.28313
1.93794,1.28307
1.94194,1.30263
1.94595,1.33975
1.94995,1.48417
1.95395,1.68243
1.95796,1.85272
1.96196,2.02094
1.96597,2.0729
1.96997,2.06434
1.97397,2.04617
1.97798,1.9694
1.98198,1.78918
1.98599,1.62028
1.98999,1.43557
1.99399,1.31777
1.998,1.31475
2.002,1.32714
2.00601,1.35333
2.01001,1.49173
2.01401,1.69575
2.01802,1.87955
2.02202,2.07077
2.02603,2.15732
2.03003,2.1836
2.03403,2.19631
2.03804,2.14612
2.04204,1.98059
2.04605,1.80857
2.05005,1.61157
2.05405,1.4477
2.05806,1.35918
2.06206,1.29571
2.06607,1.28051
2.07007,1.34821
2.07407,1.45877
2.07808,1.57665
2.08208,1.71668
2.08609,1.77146
2.09009,1.77593
2.09409,1.77795
2.0981,1.73054
2.1021,1.56697
2.10611,1.39175
2.11011,1.19056
2.11411,1.00939
2.11812,0.878009
2.12212,0.771502
2.12613,0.740168
2.13013,0.769838
2.13413,0.823646
2.13814,0.897516
2.14214,1.00665
2.14615,1.06957
2.15015,1.09309
2.15415,1.10555
2.15816,1.07664
2.16216,0.968816
2.16617,0.850959
2.17017,0.706944
2.17417,0.585765
2.17818,0.519545
2.18218,0.472088
2.18619,0.459111
2.19019,0.514238
2.19419,0.615541
2.1982,0.722441
2.2022,0.854438
2.20621,0.951091
2.21021,1.0141
2.21421,1.05284
2.21822,1.03943
2.22222,0.97531
2.22623,0.901631
2.23023,0.795047
2.23423,0.714232
2.23824,0.707277
2.24224,0.707672
2.24625,0.710297
2.25025,0.793598
2.25425,0.945382
2.25826,1.09062
2.26226,1.25459
2.26627,1.37579
2.27027,1.45851
2.27427,1.51068
2.27828,1.49806
2.28228,1.42517
2.28629,1.33559
2.29029,1.20802
2.29429,1.08281
2.2983,1.00469
2.3023,0.943584
2.30631,0.923269
2.31031,0.968667
2.31431,1.0545
2.31832,1.15334
2.32232,1.28613
2.32633,1.38775
2.33033,1.45445
2.33433,1.49734
2.33834,1.48332
2.34234,1.4012
2.34635,1.29737
2.35035,1.15198
2.35435,0.994377
2.35836,0.8577
2.36236,0.728962
2.36637,0.681872
2.37037,0.682378
2.37437,0.683683
2.37838,0.703355
2.38238,0.782448
2.38639,0.851954
2.39039,0.893322
2.39439,0.921041
2.3984,0.910446
2.4024,0.845757
2.40641,0.76368
2.41041,0.649488
2.41441,0.527987
2.41842,0.426336
2.42242,0.334159
2.42643,0.300813
2.43043,0.310844
2.43443,0.333407
2.43844,0.372458
2.44244,0.454801
2.44645,0.533958
2.45045,0.592801
2.45445,0.635781
2.45846,0.634832
2.46246,0.602891
2.46647,0.559914
2.47047,0.486703
2.47447,0.412114
2.47848,0.372485
2.48248,0.344551
2.48649,0.334283
2.49049,0.37248
2.49449,0.454564
2.4985,0.544177
2.5025,0.658555
2.50651,0.759997
2.51051,0.839265
2.51451,0.897036
2.51852,0.899168
2.52252,0.868702
2.52653,0.825759
2.53053,0.748726
2.53453,0.66163
2.53854,0.606031
2.54254,0.561782
2.54655,0.544
2.55055,0.575251
2.55455,0.642829
2.55856,0.721545
2.56256,0.830859
2.56657,0.929
2.57057,1.00377
2.57457,1.05892
2.57858,1.06007
2.58258,1.02044
2.58659,0.96417
2.59059,0.87122
2.59459,0.758579
2.5986,0.663889
2.6026,0.572191
2.60661,0.532843
2.61061,0.539184
2.61461,0.555073
2.61862,0.58584
2.62262,0.66277
2.62663,0.740729
2.63063,0.79917
2.63463,0.844516
2.63864,0.846129
2.64264,0.811525
2.64665,0.761475
2.65065,0.678777
2.65465,0.575948
2.65866,0.485561
2.66266,0.395171
2.66667,0.355864
2.67067,0.358154
2.67467,0.364477
2.67868,0.382319
2.68268,0.446817
2.68669,0.518773
2.69069,0.574083
2.69469,0.61932
2.6987,0.623757
2.7027,0.601252
2.70671,0.567177
2.71071,0.504301
2.71471,0.423391
2.71872,0.356534
2.72272,0.292207
2.72673,0.263471
2.73073,0.272414
2.73473,0.295397
2.73874,0.3303
2.74274,0.400667
2.74675,0.477299
2.75075,0.540097
2.75475,0.592613
2.75876,0.600365
2.76276,0.586279
2.76677,0.563351
2.77077,0.511757
2.77477,0.438172
2.77878,0.375669
2.78278,0.313212
2.78679,0.283829
2.79079,0.288504
2.79479,0.30142
2.7988,0.32383
2.8028,0.378829
2.80681,0.438559
2.81081,0.482268
2.81481,0.517846
2.81882,0.521638
2.82282,0.497719
2.82683,0.461504
2.83083,0.402842
2.83483,0.326764
2.83884,0.259196
2.84284,0.190658
2.84685,0.159717
2.85085,0.161124
2.85485,0.165826
2.85886,0.17728
2.86286,0.221666
2.86687,0.276336
2.87087,0.315904
2.87487,0.349445
2.87888,0.354714
2.88288,0.340415
2.88689,0.318281
2.89089,0.278295
2.89489,0.228727
2.8989,0.198362
2.9029,0.175938
2.90691,0.165386
2.91091,0.182134
2.91491,0.229148
2.91892,0.284311
2.92292,0.356673
2.92693,0.42963
2.93093,0.486785
2.93493,0.534125
2.93894,0.54292
2.94294,0.529572
2.94695,0.507705
2.95095,0.46521
2.95495,0.405378
2.95896,0.36065
2.96296,0.321185
2.96697,0.300996
2.97097,0.311679
2.97497,0.342474
2.97898,0.381929
2.98298,0.444597
2.98699,0.510216
2.99099,0.560136
2.99499,0.601961
2.999,0.609721
3.003,0.591287
3.00701,0.561211
3.01101,0.510213
3.01502,0.436911
3.01902,0.370461
3.02302,0.301472
3.02703,0.259969
3.03103,0.248772
3.03504,0.242299
3.03904,0.243887
3.04304,0.273521
3.04705,0.311878
3.05105,0.338667
3.05506,0.361894
3.05906,0.36592
3.06306,0.347351
3.06707,0.317731
3.07107,0.274179
3.07508,0.214671
3.07908,0.158576
3.08308,0.100737
3.08709,0.067931
3.09109,0.0552433
3.0951,0.0476713
3.0991,0.0474911
3.1031,0.0652759
3.10711,0.0929797
3.11111,0.111384
3.11512,0.127417
3.11912,0.130755
3.12312,0.120803
3.12713,0.105662
3.13113,0.0809202
3.13514,0.055366
3.13914,0.0495718
3.14314,0.0505724
3.14715,0.0526946
3.15115,0.0662591
3.15516,0.109861
3.15916,0.16138
3.16316,0.214512
3.16717,0.263612
3.17117,0.296352
3.17518,0.322019
3.17918,0.327501
3.18318,0.313035
3.18719,0.290684
3.19119,0.259327
3.1952,0.221916
3.1992,0.205136
3.2032,0.198099
3.20721,0.194726
3.21121,0.207622
3.21522,0.249844
3.21922,0.296703
3.22322,0.350461
3.22723,0.399887
3.23123,0.428002
3.23524,0.448871
3.23924,0.452771
3.24324,0.428288
3.24725,0.390115
3.25125,0.343324
3.25526,0.286074
3.25926,0.241271
3.26326,0.200648
3.26727,0.177938
3.27127,0.180955
3.27528,0.194756
3.27928,0.213748
3.28328,0.24874
3.28729,0.287021
3.29129,0.308956
3.2953,0.325778
3.2993,0.329375
3.3033,0.30937
3.30731,0.277186
3.31131,0.237212
3.31532,0.186985
3.31932,0.144835
3.32332,0.103439
3.32733,0.0813747
3.33133,0.0817102
3.33534,0.0869671
3.33934,0.0954261
3.34334,0.118384
3.34735,0.147484
3.35135,0.163358
3.35536,0.175391
3.35936,0.178229
3.36336,0.163991
3.36737,0.141269
3.37137,0.113109
3.37538,0.0803062
3.37938,0.0593468
3.38338,0.0442488
3.38739,0.0364509
3.39139,0.0408104
3.3954,0.0608884
3.3994,0.086966
3.4034,0.117375
3.40741,0.147664
3.41141,0.163917
3.41542,0.175686
3.41942,0.178596
3.42342,0.164718
3.42743,0.142734
3.43143,0.116764
3.43544,0.0872853
3.43944,0.0712781
3.44344,0.0624211
3.44745,0.0577
3.45145,0.0627348
3.45546,0.0845956
3.45946,0.110671
3.46346,0.13925
3.46747,0.164626
3.47147,0.172505
3.47548,0.176816
3.47948,0.17738
3.48348,0.158894
3.48749,0.130418
3.49149,0.100164
3.4955,0.0685739
3.4995,0.0515972
3.5035,0.0419654
3.50751,0.0368889
3.51151,0.0409027
3.51552,0.0606487
3.51952,0.0852026
3.52352,0.110828
3.52753,0.133099
3.53153,0.138162
3.53554,0.140356
3.53954,0.140487
3.54354,0.123886
3.54755,0.0996918
3.55155,0.0767703
3.55556,0.0547059
3.55956,0.0479266
3.56356,0.0517099
3.56757,0.0598621
3.57157,0.0745692
3.57558,0.106348
3.57958,0.141459
3.58358,0.175323
3.58759,0.202469
3.59159,0.207435
3.5956,0.209115
3.5996,0.20915
3.6036,0.189606
3.60761,0.159919
3.61161,0.132166
3.61562,0.104083
3.61962,0.0944443
3.62362,0.0963982
3.62763,0.100865
3.63163,0.112348
3.63564,0.143934
3.63964,0.179063
3.64364,0.213542
3.64765,0.24188
3.65165,0.246734
3.65566,0.248058
3.65966,0.248095
3.66366,0.227013
3.66767,0.192488
3.67167,0.15883
3.67568,0.122856
3.67968,0.10012
3.68368,0.085685
3.68769,0.0772066
3.69169,0.0795841
3.6957,0.0946992
3.6997,0.112913
3.7037,0.133779
3.70771,0.152355
3.71171,0.15433
3.71572,0.153007
3.71972,0.15049
3.72372,0.132883
3.72773,0.104961
3.73173,0.0774984
3.73574,0.0490976
3.73974,0.0288518
3.74374,0.0130483
3.74775,0.0065204
3.75175,0.00700473
3.75576,0.0136723
3.75976,0.0241566
3.76376,0.0342367
3.76777,0.0432995
3.77177,0.0439254
3.77578,0.040954
3.77978,0.0364274
3.78378,0.0226864
3.78779,0.0129533
3.79179,0.0115258
3.7958,0.0111973
3.7998,0.0111338
3.8038,0.0191545
3.80781,0.0455562
3.81181,0.0743232
3.81582,0.104659
3.81982,0.130825
3.82382,0.152102
3.82783,0.167468
3.83183,0.168128
3.83584,0.161083
3.83984,0.151189
3.84384,0.131859
3.84785,0.112082
3.85185,0.103723
3.85586,0.0987372
3.85986,0.0969402
3.86386,0.109699
3.86787,0.137859
3.87187,0.167857
3.87588,0.204804
3.87988,0.237269
3.88388,0.262052
3.88789,0.280105
3.89189,0.280395
3.8959,0.267632
3.8999,0.249446
3.9039,0.21892
3.90791,0.181616
3.91191,0.148056
3.91592,0.114774
3.91992,0.101053
3.92392,0.100657
3.92793,0.100459
3.93193,0.10394
3.93594,0.124372
3.93994,0.147341
3.94394,0.164325
3.94795,0.177872
3.95195,0.178488
3.95596,0.169268
3.95996,0.155713
3.96396,0.132261
3.96797,0.102324
3.97197,0.0738009
3.97598,0.0458604
3.97998,0.0335693
3.98398,0.0304437
3.98799,0.0287467
3.99199,0.0301797
3.996,0.0421528
4,0.0618151
