# 20260616_134041
qT,primespec
0,27230.8
0.004004,27039.1
0.00800801,26831.7
0.012012,26485.4
0.016016,25872.5
0.02002,25124.8
0.024024,24254.9
0.028028,23233.7
0.032032,22134.7
0.036036,20922
0.04004,19647.4
0.044044,18324
0.048048,16959
0.0520521,15596
0.0560561,14228.8
0.0600601,12892.7
0.0640641,11599
0.0680681,10356.8
0.0720721,9190.61
0.0760761,8095.52
0.0800801,7089.48
0.0840841,6172.67
0.0880881,5344.28
0.0920921,4611.21
0.0960961,3961.18
0.1001,3396.8
0.104104,2909.53
0.108108,2490.78
0.112112,2138.14
0.116116,1838.13
0.12012,1588.92
0.124124,1381.28
0.128128,1209.12
0.132132,1072.46
0.136136,958.756
0.14014,874.047
0.144144,809.76
0.148148,762.464
0.152152,745.668
0.156156,738.11
0.16016,735.068
0.164164,746.024
0.168168,771.651
0.172172,797.391
0.176176,826.925
0.18018,852.493
0.184184,871.192
0.188188,885.463
0.192192,887.084
0.196196,877.503
0.2002,862.332
0.204204,837.401
0.208208,800.47
0.212212,761.987
0.216216,719.07
0.22022,677.402
0.224224,639.237
0.228228,604.27
0.232232,576.957
0.236236,554.653
0.24024,537.12
0.244244,524.71
0.248248,514.655
0.252252,503.715
0.256256,492.519
0.26026,479.451
0.264264,462.064
0.268268,440.783
0.272272,417.513
0.276276,390.792
0.28028,364.461
0.284284,339.508
0.288288,316.491
0.292292,299.703
0.296296,285.719
0.3003,277.653
0.304304,275.594
0.308308,274.415
0.312312,274.236
0.316316,274.565
0.32032,274.83
0.324324,272.019
0.328328,264.337
0.332332,254.98
0.336336,241.357
0.34034,226.386
0.344344,211.397
0.348348,196.636
0.352352,185.732
0.356356,176.283
0.36036,171.304
0.364364,171.251
0.368368,171.363
0.372372,171.686
0.376376,173.205
0.38038,174.43
0.384384,172.721
0.388388,167.725
0.392392,161.382
0.396396,151.471
0.4004,140.539
0.404404,129.799
0.408408,119.408
0.412412,112.633
0.416416,107.495
0.42042,104.828
0.424424,105.522
0.428428,107.508
0.432432,109.327
0.436436,111.25
0.44044,112.45
0.444444,111.148
0.448448,107.218
0.452452,102.362
0.456456,95.0485
0.46046,87.4832
0.464464,80.5736
0.468468,74.4055
0.472472,72.3173
0.476476,71.7922
0.48048,71.5635
0.484484,73.0174
0.488488,76.666
0.492492,78.7288
0.496496,79.6996
0.500501,80.1905
0.504505,78.6684
0.508509,74.2232
0.512513,69.3949
0.516517,63.3844
0.520521,58.0123
0.524525,54.218
0.528529,51.2176
0.532533,50.5205
0.536537,51.539
0.540541,53.09
0.544545,54.9539
0.548549,57.1511
0.552553,57.7587
0.556557,56.7267
0.560561,54.9073
0.564565,51.8093
0.568569,46.9264
0.572573,42.44
0.576577,37.7547
0.580581,34.6027
0.584585,33.7684
0.588589,33.3031
0.592593,33.3117
0.596597,35.065
0.600601,37.0587
0.604605,37.6566
0.608609,38.0105
0.612613,37.9719
0.616617,35.8802
0.620621,32.8471
0.624625,29.7019
0.628629,26.3246
0.632633,24.5116
0.636637,23.5351
0.640641,23.0275
0.644645,23.6292
0.648649,25.5941
0.652653,27.3857
0.656657,29.0491
0.660661,30.1657
0.664665,29.8874
0.668669,28.7129
0.672673,27.1874
0.676677,24.6043
0.680681,22.0852
0.684685,20.4249
0.688689,19.1041
0.692693,18.762
0.696697,19.5633
0.700701,20.84
0.704705,22.2083
0.708709,23.8113
0.712713,24.3542
0.716717,23.971
0.720721,23.2339
0.724725,21.803
0.728729,19.2766
0.732733,17.0462
0.736737,14.8018
0.740741,13.3892
0.744745,13.3527
0.748749,13.5536
0.752753,13.8934
0.756757,15.0581
0.760761,16.2269
0.764765,16.2879
0.768769,16.1673
0.772773,15.9162
0.776777,14.4808
0.780781,12.586
0.784785,10.8981
0.788789,9.27864
0.792793,8.77037
0.796797,8.94276
0.800801,9.29191
0.804805,10.0323
0.808809,11.532
0.812813,12.6103
0.816817,13.1934
0.820821,13.5361
0.824825,13.243
0.828829,12.1183
0.832833,10.9482
0.836837,9.5082
0.840841,8.49709
0.844845,8.44649
0.848849,8.56829
0.852853,8.78827
0.856857,9.74744
0.860861,11.014
0.864865,11.6398
0.868869,12.0816
0.872873,12.2033
0.876877,11.4424
0.880881,10.2006
0.884885,8.85054
0.888889,7.2951
0.892893,6.38107
0.896897,5.8753
0.900901,5.58937
0.904905,5.75313
0.908909,6.47592
0.912913,7.11432
0.916917,7.55259
0.920921,7.84721
0.924925,7.68959
0.928929,6.95523
0.932933,6.11524
0.936937,4.94357
0.940941,4.0431
0.944945,3.81418
0.948949,3.70615
0.952953,3.68511
0.956957,4.25703
0.960961,5.2648
0.964965,5.99345
0.968969,6.65738
0.972973,6.91101
0.976977,6.67069
0.980981,6.22816
0.984985,5.61146
0.988989,4.7528
0.992993,4.41552
0.996997,4.42166
1.001,4.43726
1.00501,4.64412
1.00901,5.48065
1.01301,6.29591
1.01702,6.89405
1.02102,7.32467
1.02503,7.26451
1.02903,6.77647
1.03303,6.15321
1.03704,5.20148
1.04104,4.26227
1.04505,3.66871
1.04905,3.20541
1.05305,3.04331
1.05706,3.24873
1.06106,3.60452
1.06507,3.86999
1.06907,4.11749
1.07307,4.21688
1.07708,3.93268
1.08108,3.41323
1.08509,2.79172
1.08909,2.02016
1.09309,1.61749
1.0971,1.45607
1.1011,1.3663
1.10511,1.45212
1.10911,1.95687
1.11311,2.53799
1.11712,2.99411
1.12112,3.35362
1.12513,3.36133
1.12913,3.17078
1.13313,2.9268
1.13714,2.51244
1.14114,2.15789
1.14515,2.13784
1.14915,2.27934
1.15315,2.50069
1.15716,2.99354
1.16116,3.71103
1.16517,4.21259
1.16917,4.63388
1.17317,4.81119
1.17718,4.60495
1.18118,4.19321
1.18519,3.68451
1.18919,2.98191
1.19319,2.49467
1.1972,2.19569
1.2012,2.00713
1.20521,2.03395
1.20921,2.29804
1.21321,2.55671
1.21722,2.71458
1.22122,2.82784
1.22523,2.77692
1.22923,2.42018
1.23323,1.99432
1.23724,1.41904
1.24124,0.965594
1.24525,0.812183
1.24925,0.733285
1.25325,0.705165
1.25726,0.888009
1.26126,1.30634
1.26527,1.60595
1.26927,1.84753
1.27327,1.95782
1.27728,1.84599
1.28128,1.62952
1.28529,1.39848
1.28929,1.11451
1.29329,0.98877
1.2973,1.06259
1.3013,1.2401
1.30531,1.48713
1.30931,1.92229
1.31331,2.31574
1.31732,2.52605
1.32132,2.66981
1.32533,2.64212
1.32933,2.35143
1.33333,2.00861
1.33734,1.57193
1.34134,1.22028
1.34535,1.16276
1.34935,1.15974
1.35335,1.15872
1.35736,1.32111
1.36136,1.64553
1.36537,1.78581
1.36937,1.84814
1.37337,1.87312
1.37738,1.69442
1.38138,1.3525
1.38539,1.02662
1.38939,0.67522
1.39339,0.53332
1.3974,0.563014
1.4014,0.641301
1.40541,0.769252
1.40941,1.05976
1.41341,1.33841
1.41742,1.44687
1.42142,1.51756
1.42543,1.49406
1.42943,1.27734
1.43343,1.05495
1.43744,0.86011
1.44144,0.711316
1.44545,0.703612
1.44945,0.839873
1.45345,1.04327
1.45746,1.30723
1.46146,1.61602
1.46547,1.70439
1.46947,1.72145
1.47347,1.72782
1.47748,1.55871
1.48148,1.22528
1.48549,0.931098
1.48949,0.628313
1.49349,0.498838
1.4975,0.514072
1.5015,0.556987
1.50551,0.628777
1.50951,0.802703
1.51351,0.938466
1.51752,0.926482
1.52152,0.889464
1.52553,0.807379
1.52953,0.576439
1.53353,0.40145
1.53754,0.303188
1.54154,0.24023
1.54555,0.244336
1.54955,0.395834
1.55355,0.658799
1.55756,0.897808
1.56156,1.13969
1.56557,1.19452
1.56957,1.1856
1.57357,1.16826
1.57758,1.03203
1.58158,0.828577
1.58559,0.760553
1.58959,0.738823
1.59359,0.72982
1.5976,0.82848
1.6016,1.09569
1.60561,1.33936
1.60961,1.57791
1.61361,1.72113
1.61762,1.6893
1.62162,1.59337
1.62563,1.44787
1.62963,1.15239
1.63363,0.868951
1.63764,0.620935
1.64164,0.440818
1.64565,0.408985
1.64965,0.434415
1.65365,0.473513
1.65766,0.530814
1.66166,0.602968
1.66567,0.614997
1.66967,0.541337
1.67367,0.434311
1.67768,0.24683
1.68168,0.108341
1.68569,0.0874099
1.68969,0.0937479
1.69369,0.106819
1.6977,0.16686
1.7017,0.361514
1.70571,0.547298
1.70971,0.682219
1.71371,0.759402
1.71772,0.73497
1.72172,0.666592
1.72573,0.590215
1.72973,0.481793
1.73373,0.41891
1.73774,0.445484
1.74174,0.532574
1.74575,0.648628
1.74975,0.842617
1.75375,1.04076
1.75776,1.13818
1.76176,1.20757
1.76577,1.21163
1.76977,1.07622
1.77377,0.88988
1.77778,0.670868
1.78178,0.457139
1.78579,0.35377
1.78979,0.29403
1.79379,0.266118
1.7978,0.301686
1.8018,0.408578
1.80581,0.478731
1.80981,0.512975
1.81381,0.530679
1.81782,0.485346
1.82182,0.367279
1.82583,0.253031
1.82983,0.124828
1.83383,0.0737961
1.83784,0.0854825
1.84184,0.13553
1.84585,0.208883
1.84985,0.328502
1.85385,0.452485
1.85786,0.489402
1.86186,0.511078
1.86587,0.508604
1.86987,0.414719
1.87387,0.307048
1.87788,0.21836
1.88188,0.149028
1.88589,0.135679
1.88989,0.178966
1.89389,0.258885
1.8979,0.349274
1.9019,0.462695
1.90591,0.500978
1.90991,0.49301
1.91391,0.476646
1.91792,0.412398
1.92192,0.285703
1.92593,0.184516
1.92993,0.0932831
1.93393,0.0563147
1.93794,0.0667688
1.94194,0.115789
1.94595,0.177997
1.94995,0.249
1.95395,0.305372
1.95796,0.299816
1.96196,0.27035
1.96597,0.225943
1.96997,0.125593
1.97397,0.0750488
1.97798,0.0759858
1.98198,0.0881334
1.98599,0.110579
1.98999,0.192684
1.99399,0.341379
1.998,0.449189
2.002,0.545338
2.00601,0.574019
2.01001,0.546437
2.01401,0.498241
2.01802,0.415515
2.02202,0.304612
2.02603,0.248924
2.03003,0.221217
2.03403,0.206988
2.03804,0.227977
2.04204,0.307834
2.04605,0.381979
2.05005,0.437319
2.05405,0.473788
2.05806,0.458518
2.06206,0.396714
2.06607,0.322847
2.07007,0.22782
2.07407,0.126143
2.07808,0.0185951
2.08208,0.000426847
2.08609,0.000111634
2.09009,0.00173683
2.09409,0.0352796
2.0981,0.0566502
2.1021,0.0667751
2.10611,0.0677513
2.11011,0.0364302
2.11411,0.0187674
2.11812,0.0200109
2.12212,0.0308087
2.12613,0.051742
2.13013,0.1073
2.13413,0.21636
2.13814,0.316987
2.14214,0.419431
2.14615,0.457194
2.15015,0.455913
2.15415,0.452882
2.15816,0.419388
2.16216,0.326217
2.16617,0.253991
2.17017,0.194542
2.17417,0.160045
2.17818,0.168757
2.18218,0.215979
2.18619,0.27383
2.19019,0.345515
2.19419,0.408422
2.1982,0.410595
2.2022,0.394958
2.20621,0.369322
2.21021,0.292626
2.21421,0.196354
2.21822,0.0973331
2.22222,0.0309931
2.22623,0.0193771
2.23023,0.0241718
2.23423,0.0350902
2.23824,0.0525736
2.24224,0.0858256
2.24625,0.103875
2.25025,0.0953521
2.25425,0.0787964
2.25826,0.0416497
2.26226,0.00932409
2.26627,0.00481412
2.27027,0.0110642
2.27427,0.0376781
2.27828,0.0801935
2.28228,0.146516
2.28629,0.205128
2.29029,0.243466
2.29429,0.268173
2.2983,0.260197
2.3023,0.218412
2.30631,0.17129
2.31031,0.102672
2.31431,0.0632036
2.31832,0.0615986
2.32232,0.0698599
2.32633,0.0835839
2.33033,0.123226
2.33433,0.1839
2.33834,0.205859
2.34234,0.216756
2.34635,0.219706
2.35035,0.182091
2.35435,0.123075
2.35836,0.0593033
2.36236,0.0151047
2.36637,0.00803537
2.37037,0.0170716
2.37437,0.0533215
2.37838,0.102227
2.38238,0.166868
2.38639,0.20883
2.39039,0.221218
2.39439,0.227952
2.3984,0.214288
2.4024,0.162368
2.40641,0.12573
2.41041,0.103612
2.41441,0.0901991
2.41842,0.0979508
2.42242,0.150583
2.42643,0.224104
2.43043,0.301635
2.43443,0.373431
2.43844,0.382761
2.44244,0.381723
2.44645,0.379389
2.45045,0.325495
2.45445,0.239982
2.45846,0.158989
2.46246,0.0842098
2.46647,0.057862
2.47047,0.0524545
2.47447,0.0497092
2.47848,0.0541677
2.48248,0.0795283
2.48649,0.0987654
2.49049,0.0944273
2.49449,0.0846021
2.4985,0.0614021
2.5025,0.0259374
2.50651,0.0162102
2.51051,0.0187167
2.51451,0.0254334
2.51852,0.0392092
2.52252,0.080252
2.52653,0.132939
2.53053,0.166137
2.53453,0.190486
2.53854,0.189515
2.54254,0.168501
2.54655,0.146308
2.55055,0.122534
2.55455,0.104371
2.55856,0.107725
2.56256,0.144499
2.56657,0.20052
2.57057,0.272294
2.57457,0.359636
2.57858,0.414915
2.58258,0.456482
2.58659,0.473936
2.59059,0.443735
2.59459,0.382328
2.5986,0.311395
2.6026,0.220393
2.60661,0.153269
2.61061,0.102895
2.61461,0.0733874
2.61862,0.07273
2.62262,0.0919982
2.62663,0.115141
2.63063,0.13306
2.63463,0.147918
2.63864,0.146274
2.64264,0.12212
2.64665,0.091869
2.65065,0.0420739
2.65465,0.016472
2.65866,0.013935
2.66266,0.0140868
2.66667,0.0143875
2.67067,0.0245095
2.67467,0.0561337
2.67868,0.0704736
2.68268,0.0745305
2.68669,0.0760545
2.69069,0.0578076
2.69469,0.033902
2.6987,0.0223353
2.7027,0.0150173
2.70671,0.0123664
2.71071,0.0215408
2.71471,0.0583367
2.71872,0.0981449
2.72272,0.135935
2.72673,0.156653
2.73073,0.153467
2.73473,0.144894
2.73874,0.128366
2.74274,0.0885268
2.74675,0.0519763
2.75075,0.0184242
2.75475,0.00564351
2.75876,0.00531321
2.76276,0.0156086
2.76677,0.0412285
2.77077,0.0620188
2.77477,0.0814947
2.77878,0.0840434
2.78278,0.0744698
2.78679,0.0603776
2.79079,0.027772
2.79479,0.00941601
2.7988,0.00794799
2.8028,0.0125984
2.80681,0.0228769
2.81081,0.0442725
2.81481,0.087757
2.81882,0.123964
2.82282,0.152793
2.82683,0.167526
2.83083,0.159484
2.83483,0.139618
2.83884,0.113383
2.84284,0.073156
2.84685,0.047153
2.85085,0.0334781
2.85485,0.0253699
2.85886,0.0257511
2.86286,0.0423704
2.86687,0.0691704
2.87087,0.0878609
2.87487,0.104173
2.87888,0.106601
2.88288,0.0982418
2.88689,0.0860165
2.89089,0.0673724
2.89489,0.0465901
2.8989,0.0329275
2.9029,0.0223688
2.90691,0.0179863
2.91091,0.0179996
2.91491,0.018088
2.91892,0.0173192
2.92292,0.0120083
2.92693,0.00780692
2.93093,0.00552168
2.93493,0.00408353
2.93894,0.00444507
2.94294,0.0149633
2.94695,0.0511957
2.95095,0.0879144
2.95495,0.12931
2.95896,0.161737
2.96296,0.189863
2.96697,0.204997
2.97097,0.197609
2.97497,0.177396
2.97898,0.151387
2.98298,0.109963
2.98699,0.0804091
2.99099,0.0652836
2.99499,0.0554538
2.999,0.0553609
3.003,0.0754662
3.00701,0.106984
3.01101,0.133352
3.01502,0.159096
3.01902,0.164916
3.02302,0.157786
3.02703,0.145627
3.03103,0.122361
3.03504,0.0872842
3.03904,0.0554427
3.04304,0.0262433
3.04705,0.011625
3.05105,0.00522599
3.05506,0.00248206
3.05906,0.00221487
3.06306,0.00422422
3.06707,0.00729598
3.07107,0.00632762
3.07508,0.00455723
3.07908,0.00434957
3.08308,0.00758247
3.08709,0.015567
3.09109,0.0279011
3.0951,0.0487008
3.0991,0.0693061
3.1031,0.0894119
3.10711,0.102115
3.11111,0.100168
3.11512,0.0928971
3.11912,0.0815623
3.12312,0.0565428
3.12713,0.0353252
3.13113,0.0208841
3.13514,0.0120304
3.13914,0.0109411
3.14314,0.020691
3.14715,0.0424023
3.15115,0.060648
3.15516,0.0790133
3.15916,0.0839405
3.16316,0.0786899
3.16717,0.0695303
3.17117,0.0509264
3.17518,0.0272042
3.17918,0.0134938
3.18318,0.00504537
3.18719,0.00255805
3.19119,0.00462157
3.1952,0.0210894
3.1992,0.0465221
3.2032,0.0638639
3.20721,0.0746921
3.21121,0.0722204
3.21522,0.0631951
3.21922,0.0508961
3.22322,0.0281841
3.22723,0.0173525
3.23123,0.0180332
3.23524,0.0219603
3.23924,0.0288133
3.24324,0.048721
3.24725,0.0806321
3.25125,0.102839
3.25526,0.1221
3.25926,0.127226
3.26326,0.119453
3.26727,0.106203
3.27127,0.0868911
3.27528,0.0597829
3.27928,0.0353723
3.28328,0.0128851
3.28729,0.00480323
3.29129,0.00287552
3.2953,0.00198033
3.2993,0.00184481
3.3033,0.00299698
3.30731,0.00513836
3.31131,0.00591794
3.31532,0.00632094
3.31932,0.00735764
3.32332,0.0135107
3.32733,0.0280781
3.33133,0.0457871
3.33534,0.0689744
3.33934,0.0892003
3.34334,0.106666
3.34735,0.117879
3.35135,0.115254
3.35536,0.104087
3.35936,0.0896439
3.36336,0.0628281
3.36737,0.0463525
3.37137,0.0456513
3.37538,0.046374
3.37938,0.0483863
3.38338,0.0685684
3.38739,0.106209
3.39139,0.136596
3.3954,0.166559
3.3994,0.176724
3.4034,0.172695
3.40741,0.164557
3.41141,0.146246
3.41542,0.110847
3.41942,0.0773399
3.42342,0.0424285
3.42743,0.0232589
3.43143,0.0165598
3.43544,0.0128254
3.43944,0.0120627
3.44344,0.0176757
3.44745,0.0275477
3.45145,0.0308764
3.45546,0.032694
3.45946,0.0331263
3.46346,0.0310924
3.46747,0.02903
3.47147,0.0300696
3.47548,0.0347823
3.47948,0.0404542
3.48348,0.0481597
3.48749,0.0548577
3.49149,0.0545403
3.4955,0.0509037
3.4995,0.0453475
3.5035,0.0306548
3.50751,0.0196199
3.51151,0.0160597
3.51552,0.0140366
3.51952,0.0136811
3.52352,0.0228146
3.52753,0.0455108
3.53153,0.0648527
3.53554,0.0841073
3.53954,0.0914901
3.54354,0.0883003
3.54755,0.0817045
3.55155,0.0691368
3.55556,0.0456553
3.55956,0.0238652
3.56356,0.0035134
3.56757,0.000543987
3.57157,0.00084581
3.57558,0.00703068
3.57958,0.0267033
3.58358,0.0422101
3.58759,0.0543095
3.59159,0.0544032
3.5956,0.0498271
3.5996,0.0428499
3.6036,0.0229082
3.60761,0.0118646
3.61161,0.0113464
3.61562,0.0127155
3.61962,0.0152988
3.62362,0.027737
3.62763,0.0561717
3.63163,0.0777427
3.63564,0.0964698
3.63964,0.103636
3.64364,0.0980106
3.64765,0.0869497
3.65165,0.0702604
3.65566,0.0454061
3.65966,0.0270861
3.66366,0.0125318
3.66767,0.00647525
3.67167,0.00729221
3.67568,0.015232
3.67968,0.026661
3.68368,0.0354005
3.68769,0.0422137
3.69169,0.0414692
3.6957,0.0350308
3.6997,0.0276455
3.7037,0.0166618
3.70771,0.0101491
3.71171,0.0103287
3.71572,0.0144766
3.71972,0.0207841
3.72372,0.0306885
3.72773,0.0419667
3.73173,0.0433136
3.73574,0.042206
3.73974,0.0402804
3.74374,0.0304995
3.74775,0.0219703
3.75175,0.022417
3.75576,0.0303529
3.75976,0.0438663
3.76376,0.0688518
3.76777,0.109309
3.77177,0.147437
3.77578,0.187341
3.77978,0.205526
3.78378,0.205238
3.78779,0.20447
3.79179,0.195531
3.7958,0.160115
3.7998,0.125503
3.8038,0.0893515
3.80781,0.0657152
3.81181,0.0633423
3.81582,0.0649948
3.81982,0.0678692
3.82382,0.0815449
3.82783,0.101365
3.83183,0.104585
3.83584,0.104043
3.83984,0.10297
3.84384,0.0879045
3.84785,0.0630622
3.85185,0.0384206
3.85586,0.0162374
3.85986,0.0084694
3.86386,0.00599874
3.86787,0.00480463
3.87187,0.00545313
3.87588,0.0108836
3.87988,0.0163583
3.88388,0.0148238
3.88789,0.0116611
3.89189,0.00660064
3.8959,0.00158676
3.8999,0.000714258
3.9039,0.0022546
3.90791,0.0144466
3.91191,0.0341045
3.91592,0.0555281
3.91992,0.0728309
3.92392,0.0836088
3.92793,0.0908562
3.93193,0.0893093
3.93594,0.0751919
3.93994,0.0584671
3.94394,0.0342647
3.94795,0.0190373
3.95195,0.0174072
3.95596,0.0185184
3.95996,0.020553
3.96396,0.0300697
3.96797,0.0504135
3.97197,0.0616486
3.97598,0.0679783
3.97998,0.070588
3.98398,0.0619869
3.98799,0.0452121
3.99199,0.027627
3.996,0.0103923
4,0.00359374
