# 20260616_151406
qT,primespec
0,188096
0.004004,185764
0.00800801,183252
0.012012,179079
0.016016,171766
0.02002,162976
0.024024,152927
0.028028,141388
0.032032,129282
0.036036,116328
0.04004,103174
0.044044,90057.6
0.048048,77141.6
0.0520521,64890.9
0.0560561,53348.7
0.0600601,42823.6
0.0640641,33422.4
0.0680681,25261.8
0.0720721,18417.3
0.0760761,12759
0.0800801,8737.96
0.0840841,5548.65
0.0880881,3690.18
0.0920921,3448.9
0.0960961,3664.7
0.1001,4045.61
0.104104,5039.89
0.108108,6974.91
0.112112,8940.15
0.116116,10956.6
0.12012,12894.5
0.124124,14630.1
0.128128,16164.5
0.132132,17178.1
0.136136,17977.4
0.14014,18352.4
0.144144,18192.2
0.148148,17771.3
0.152152,17169.9
0.156156,16060.2
0.16016,14725.5
0.164164,13272
0.168168,11654.1
0.172172,10035.8
0.176176,8402.94
0.18018,6840.16
0.184184,5397.57
0.188188,4090.15
0.192192,2959.42
0.196196,2015.87
0.2002,1273.95
0.204204,612.62
0.208208,278.185
0.212212,227.398
0.216216,221.957
0.22022,219.927
0.224224,303.897
0.228228,602.559
0.232232,943.627
0.236236,1269.57
0.24024,1592.4
0.244244,1891.85
0.248248,2165.56
0.252252,2371.26
0.256256,2551.53
0.26026,2645.26
0.264264,2643.56
0.268268,2635.09
0.272272,2609.81
0.276276,2488.36
0.28028,2325.96
0.284284,2153.02
0.288288,1953.65
0.292292,1756.21
0.296296,1555.6
0.3003,1368.5
0.304304,1198.88
0.308308,1047.71
0.312312,928.269
0.316316,826.789
0.32032,755.836
0.324324,711.901
0.328328,681.104
0.332332,675.319
0.336336,681.846
0.34034,692.426
0.344344,709.133
0.348348,733.557
0.352352,755.155
0.356356,775.322
0.36036,791.205
0.364364,801.528
0.368368,809.175
0.372372,810.684
0.376376,808.579
0.38038,805.004
0.384384,798.968
0.388388,789.16
0.392392,778.28
0.396396,765.681
0.4004,751.34
0.404404,735.329
0.408408,717.277
0.412412,697.591
0.416416,675.65
0.42042,652.499
0.424424,628.453
0.428428,603.715
0.432432,580.471
0.436436,557.894
0.44044,538.173
0.444444,521.964
0.448448,508.295
0.452452,499.909
0.456456,493.903
0.46046,490.795
0.464464,490.845
0.468468,491.134
0.472472,491.158
0.476476,490.2
0.48048,488.403
0.484484,484.394
0.488488,476.56
0.492492,467.352
0.496496,455.384
0.500501,442.22
0.504505,429.084
0.508509,415.76
0.512513,404.583
0.516517,394.7
0.520521,387.146
0.524525,382.567
0.528529,379.234
0.532533,377.188
0.536537,376.123
0.540541,374.988
0.544545,372.662
0.548549,368.876
0.552553,363.935
0.556557,356.489
0.560561,347.605
0.564565,338.02
0.568569,327.51
0.572573,318.144
0.576577,309.291
0.580581,302.356
0.584585,298.078
0.588589,294.894
0.592593,294.087
0.596597,294.53
0.600601,294.955
0.604605,294.784
0.608609,294.05
0.612613,292.748
0.616617,288.454
0.620621,282.155
0.624625,274.769
0.628629,265.493
0.632633,256.429
0.636637,247.135
0.640641,239.043
0.644645,232.953
0.648649,227.934
0.652653,226.427
0.656657,226.352
0.660661,226.319
0.664665,226.904
0.668669,228.447
0.672673,228.987
0.676677,227.907
0.680681,225.924
0.684685,222.741
0.688689,217.44
0.692693,211.928
0.696697,205.875
0.700701,200.343
0.704705,196.18
0.708709,192.685
0.712713,191.643
0.716717,191.878
0.720721,192.324
0.724725,193.281
0.728729,194.919
0.732733,195.504
0.736737,194.704
0.740741,193.165
0.744745,190.481
0.748749,185.63
0.752753,180.431
0.756757,174.629
0.760761,169.03
0.764765,164.505
0.768769,160.54
0.772773,158.373
0.776777,157.269
0.780781,156.622
0.784785,156.426
0.788789,156.343
0.792793,156.123
0.796797,154.542
0.800801,151.87
0.804805,148.449
0.808809,143.611
0.812813,138.671
0.816817,133.402
0.820821,128.642
0.824825,125.147
0.828829,122.217
0.832833,121.268
0.836837,121.442
0.840841,121.787
0.844845,122.507
0.848849,123.811
0.852853,124.343
0.856857,123.971
0.860861,123.224
0.864865,121.885
0.868869,119.386
0.872873,116.964
0.876877,114.466
0.880881,112.561
0.884885,112.074
0.888889,111.84
0.892893,111.802
0.896897,112.818
0.900901,114
0.904905,114.091
0.908909,113.955
0.912913,113.678
0.916917,111.721
0.920921,108.529
0.924925,105.15
0.928929,101.11
0.932933,97.6148
0.936937,94.4244
0.940941,92.0962
0.944945,91.4091
0.948949,91.0567
0.952953,90.9594
0.956957,91.3458
0.960961,91.8101
0.964965,91.5598
0.968969,90.1883
0.972973,88.3081
0.976977,85.2018
0.980981,81.3473
0.984985,77.6121
0.988989,73.7084
0.992993,71.2203
0.996997,69.7813
1.001,68.9214
1.00501,69.2206
1.00901,70.8594
1.01301,72.6297
1.01702,74.5717
1.02102,76.1405
1.02503,76.2129
1.02903,75.7009
1.03303,74.9085
1.03704,72.9116
1.04104,70.3468
1.04505,68.3963
1.04905,66.6099
1.05305,65.9186
1.05706,66.4414
1.06106,67.4855
1.06507,68.9517
1.06907,71.2763
1.07307,72.6096
1.07708,72.9248
1.08108,73.093
1.08509,72.5198
1.08909,69.752
1.09309,66.5171
1.0971,62.8334
1.1011,59.1511
1.10511,56.4742
1.10911,54.1715
1.11311,53.2729
1.11712,53.5141
1.12112,53.9911
1.12513,54.5998
1.12913,55.4983
1.13313,55.9269
1.13714,55.284
1.14114,53.9542
1.14515,52.1862
1.14915,49.4473
1.15315,47.0059
1.15716,44.8546
1.16116,43.2854
1.16517,43.2106
1.16917,43.9064
1.17317,44.9045
1.17718,46.7443
1.18118,48.9485
1.18519,50.1618
1.18919,51.0178
1.19319,51.352
1.1972,50.4574
1.2012,48.7539
1.20521,46.9805
1.20921,44.7922
1.21321,43.6955
1.21722,43.5913
1.22122,43.5381
1.22523,43.8686
1.22923,45.5983
1.23323,47.2621
1.23724,48.3656
1.24124,49.1726
1.24525,49.0283
1.24925,47.5318
1.25325,45.5301
1.25726,42.7586
1.26126,39.5606
1.26527,36.9141
1.26927,34.3739
1.27327,33.2342
1.27728,33.2075
1.28128,33.1941
1.28529,33.3951
1.28929,34.4121
1.29329,35.0646
1.2973,34.9196
1.3013,34.5592
1.30531,33.8805
1.30931,32.3057
1.31331,30.8659
1.31732,29.7967
1.32132,29.0035
1.32533,29.0266
1.32933,29.9548
1.33333,31.2179
1.33734,32.9315
1.34134,34.8695
1.34535,35.9213
1.34935,36.6224
1.35335,36.9192
1.35736,36.2209
1.36136,34.7704
1.36537,33.3032
1.36937,31.5398
1.37337,30.3586
1.37738,29.8707
1.38138,29.5681
1.38539,29.6433
1.38939,30.3292
1.39339,30.8004
1.3974,30.7089
1.4014,30.4557
1.40541,29.9002
1.40941,28.2454
1.41341,26.3349
1.41742,24.3078
1.42142,22.3976
1.42543,21.4491
1.42943,20.8563
1.43343,20.6043
1.43744,21.0899
1.44144,22.0855
1.44545,22.8068
1.44945,23.4237
1.45345,23.7316
1.45746,23.3446
1.46146,22.4811
1.46547,21.5601
1.46947,20.3474
1.47347,19.6809
1.47748,19.8184
1.48148,20.2011
1.48549,20.8678
1.48949,22.5027
1.49349,24.2539
1.4975,25.6432
1.5015,26.8025
1.50551,26.9572
1.50951,26.3575
1.51351,25.4463
1.51752,23.9512
1.52152,22.0118
1.52553,20.5473
1.52953,19.2382
1.53353,18.5849
1.53754,18.7051
1.54154,19.0009
1.54555,19.3156
1.54955,19.7321
1.55355,19.9821
1.55756,19.601
1.56156,18.6504
1.56557,17.526
1.56957,15.8992
1.57357,14.5918
1.57758,13.8494
1.58158,13.3279
1.58559,13.3262
1.58959,14.2003
1.59359,15.3951
1.5976,16.6822
1.6016,18.0303
1.60561,18.4373
1.60961,18.5178
1.61361,18.5498
1.61762,18.0343
1.62162,16.9319
1.62563,16.1858
1.62963,15.6099
1.63363,15.3116
1.63764,15.5759
1.64164,16.2457
1.64565,16.8876
1.64965,17.6224
1.65365,18.0727
1.65766,17.8664
1.66166,17.2678
1.66567,16.4626
1.66967,15.0572
1.67367,13.7267
1.67768,12.7379
1.68168,11.9534
1.68569,11.8176
1.68969,12.2128
1.69369,12.7931
1.6977,13.5409
1.7017,14.4076
1.70571,14.6282
1.70971,14.5214
1.71371,14.3239
1.71772,13.7289
1.72172,12.7149
1.72573,12.0326
1.72973,11.5209
1.73373,11.2496
1.73774,11.4729
1.74174,12.0926
1.74575,12.7088
1.74975,13.4357
1.75375,13.9102
1.75776,13.817
1.76176,13.4952
1.76577,13.0318
1.76977,12.0978
1.77377,11.2382
1.77778,10.7549
1.78178,10.399
1.78579,10.3528
1.78979,10.7928
1.79379,11.3711
1.7978,11.8313
1.8018,12.2569
1.80581,12.3381
1.80981,11.9372
1.81381,11.3374
1.81782,10.5174
1.82182,9.57569
1.82583,9.3117
1.82983,9.30628
1.83383,9.30405
1.83784,9.68154
1.84184,10.752
1.84585,11.653
1.84985,12.4306
1.85385,12.912
1.85786,12.7551
1.86186,12.2151
1.86587,11.5351
1.86987,10.4313
1.87387,9.45258
1.87788,8.90934
1.88188,8.51294
1.88589,8.44084
1.88989,8.82888
1.89389,9.29322
1.8979,9.50835
1.9019,9.66307
1.90591,9.66072
1.90991,9.02628
1.91391,8.13175
1.91792,7.15134
1.92192,6.13831
1.92593,5.8561
1.92993,5.90998
1.93393,6.02277
1.93794,6.48327
1.94194,7.62567
1.94595,8.644
1.94995,9.53717
1.95395,10.1202
1.95796,10.074
1.96196,9.82347
1.96597,9.48658
1.96997,8.82142
1.97397,8.31701
1.97798,8.3114
1.98198,8.39077
1.98599,8.54117
1.98999,9.14842
1.99399,9.7352
1.998,9.76576
2.002,9.7471
2.00601,9.67235
2.01001,8.84572
2.01401,7.6888
2.01802,6.54931
2.02202,5.39491
2.02603,4.83586
2.03003,4.57755
2.03403,4.44589
2.03804,4.61753
2.04204,5.19795
2.04605,5.66433
2.05005,5.98388
2.05405,6.18257
2.05806,6.08681
2.06206,5.76405
2.06607,5.52016
2.07007,5.34603
2.07407,5.23959
2.07808,5.38286
2.08208,5.9219
2.08609,6.51909
2.09009,7.25976
2.09409,7.84626
2.0981,7.8821
2.1021,7.85783
2.10611,7.79383
2.11011,7.22412
2.11411,6.48422
2.11812,5.93167
2.12212,5.43766
2.12613,5.2836
2.13013,5.39793
2.13413,5.58638
2.13814,5.79368
2.14214,6.0447
2.14615,6.13089
2.15015,5.90506
2.15415,5.52389
2.15816,5.02393
2.16216,4.38615
2.16617,4.13444
2.17017,4.10355
2.17417,4.089
2.17818,4.25287
2.18218,4.87081
2.18619,5.4312
2.19019,5.85433
2.19419,6.14306
2.1982,6.07734
2.2022,5.73485
2.20621,5.33554
2.21021,4.73922
2.21421,4.28475
2.21822,4.25375
2.22222,4.28913
2.22623,4.35776
2.23023,4.7629
2.23423,5.27549
2.23824,5.42791
2.24224,5.50346
2.24625,5.51569
2.25025,5.10446
2.25425,4.50773
2.25826,4.03182
2.26226,3.58146
2.26627,3.42649
2.27027,3.6233
2.27427,3.99848
2.27828,4.47701
2.28228,5.17686
2.28629,5.59461
2.29029,5.72889
2.29429,5.80122
2.2983,5.66069
2.3023,5.10918
2.30631,4.6176
2.31031,4.19196
2.31431,3.89976
2.31832,3.92576
2.32232,4.16212
2.32633,4.43423
2.33033,4.76884
2.33433,5.0551
2.33834,5.02513
2.34234,4.74019
2.34635,4.35724
2.35035,3.68504
2.35435,3.00554
2.35836,2.58592
2.36236,2.26152
2.36637,2.15087
2.37037,2.37146
2.37437,2.78804
2.37838,3.18757
2.38238,3.6497
2.38639,3.8571
2.39039,3.83772
2.39439,3.79516
2.3984,3.70192
2.4024,3.50897
2.40641,3.41871
2.41041,3.58266
2.41441,3.91408
2.41842,4.32928
2.42242,4.94516
2.42643,5.36149
2.43043,5.52388
2.43443,5.6184
2.43844,5.50253
2.44244,4.92262
2.44645,4.28405
2.45045,3.56259
2.45445,2.95138
2.45846,2.66971
2.46246,2.48854
2.46647,2.42468
2.47047,2.56255
2.47447,2.76063
2.47848,2.7829
2.48248,2.73506
2.48649,2.65699
2.49049,2.36001
2.49449,2.0514
2.4985,2.00827
2.5025,2.00747
2.50651,2.00827
2.51051,2.28583
2.51451,2.84904
2.51852,3.31889
2.52252,3.79101
2.52653,4.01244
2.53053,3.94449
2.53453,3.79135
2.53854,3.53366
2.54254,3.04986
2.54655,2.69799
2.55055,2.50114
2.55455,2.37484
2.55856,2.40228
2.56256,2.6268
2.56657,2.82437
2.57057,2.91346
2.57457,2.97168
2.57858,2.91984
2.58258,2.61612
2.58659,2.30953
2.59059,2.02586
2.59459,1.8095
2.5986,1.81186
2.6026,2.01505
2.60661,2.2967
2.61061,2.69949
2.61461,3.14796
2.61862,3.27588
2.62262,3.31587
2.62663,3.32992
2.63063,3.06942
2.63463,2.61265
2.63864,2.24602
2.64264,1.88967
2.64665,1.73354
2.65065,1.77458
2.65465,1.8645
2.65866,1.97048
2.66266,2.125
2.66667,2.21182
2.67067,2.11293
2.67467,1.90621
2.67868,1.66431
2.68268,1.33489
2.68669,1.17986
2.69069,1.22977
2.69469,1.35766
2.6987,1.56524
2.7027,2.02146
2.70671,2.51138
2.71071,2.85952
2.71471,3.13301
2.71872,3.1572
2.72272,3.01047
2.72673,2.82092
2.73073,2.55547
2.73473,2.30345
2.73874,2.26643
2.74274,2.32401
2.74675,2.41205
2.75075,2.59133
2.75475,2.81436
2.75876,2.84596
2.76276,2.73274
2.76677,2.55406
2.77077,2.18518
2.77477,1.70335
2.77878,1.32917
2.78278,0.990609
2.78679,0.844673
2.79079,0.911434
2.79479,1.07951
2.7988,1.27693
2.8028,1.56668
2.80681,1.75555
2.81081,1.75142
2.81481,1.73727
2.81882,1.69259
2.82282,1.53091
2.82683,1.42765
2.83083,1.47953
2.83483,1.61655
2.83884,1.80484
2.84284,2.14423
2.84685,2.44089
2.85085,2.5581
2.85485,2.63462
2.85886,2.60925
2.86286,2.32055
2.86687,1.98462
2.87087,1.63708
2.87487,1.34324
2.87888,1.29212
2.88288,1.33895
2.88689,1.41686
2.89089,1.59735
2.89489,1.86215
2.8989,1.92829
2.9029,1.91115
2.90691,1.87853
2.91091,1.69879
2.91491,1.41182
2.91892,1.25992
2.92292,1.16537
2.92693,1.12128
2.93093,1.22162
2.93493,1.47626
2.93894,1.68766
2.94294,1.87851
2.94695,1.98746
2.95095,1.91251
2.95495,1.71854
2.95896,1.4856
2.96296,1.14114
2.96697,0.918987
2.97097,0.84615
2.97497,0.802142
2.97898,0.81134
2.98298,0.976133
2.98699,1.16327
2.99099,1.22846
2.99499,1.27143
2.999,1.2589
3.003,1.09165
3.00701,0.96497
3.01101,0.950134
3.01502,0.942767
3.01902,0.964032
3.02302,1.20749
3.02703,1.57241
3.03103,1.89248
3.03504,2.21164
3.03904,2.29044
3.04304,2.25187
3.04705,2.18089
3.05105,1.97518
3.05506,1.63483
3.05906,1.38064
3.06306,1.15805
3.06707,1.0423
3.07107,1.0615
3.07508,1.10848
3.07908,1.12241
3.08308,1.11511
3.08709,1.1001
3.09109,0.991651
3.0951,0.771984
3.0991,0.597866
3.1031,0.435327
3.10711,0.354543
3.11111,0.404222
3.11512,0.578759
3.11912,0.794418
3.12312,1.07977
3.12713,1.33385
3.13113,1.41553
3.13514,1.46531
3.13914,1.46098
3.14314,1.2957
3.14715,1.12712
3.15115,1.04187
3.15516,0.979974
3.15916,0.974785
3.16316,1.09909
3.16717,1.2633
3.17117,1.36261
3.17518,1.44405
3.17918,1.45426
3.18318,1.30745
3.18719,1.10267
3.19119,0.851949
3.1952,0.610243
3.1992,0.552409
3.2032,0.565937
3.20721,0.593328
3.21121,0.692771
3.21522,0.928443
3.21922,1.08744
3.22322,1.16711
3.22723,1.2095
3.23123,1.14681
3.23524,0.977591
3.23924,0.837306
3.24324,0.703969
3.24725,0.62676
3.25125,0.652831
3.25526,0.745102
3.25926,0.837906
3.26326,0.938571
3.26727,1.00984
3.27127,0.974047
3.27528,0.851164
3.27928,0.703721
3.28328,0.467412
3.28729,0.335834
3.29129,0.335692
3.2953,0.356839
3.2993,0.397134
3.3033,0.564799
3.30731,0.82373
3.31131,0.985124
3.31532,1.11839
3.31932,1.15468
3.32332,1.09818
3.32733,1.02532
3.33133,0.972662
3.33534,0.926271
3.33934,0.917551
3.34334,1.01842
3.34735,1.17464
3.35135,1.30642
3.35536,1.4397
3.35936,1.47969
3.36336,1.39049
3.36737,1.23713
3.37137,1.01485
3.37538,0.718879
3.37938,0.501566
3.38338,0.320035
3.38739,0.231465
3.39139,0.249342
3.3954,0.335654
3.3994,0.430102
3.4034,0.52568
3.40741,0.598335
3.41141,0.58513
3.41542,0.532297
3.41942,0.495458
3.42342,0.472259
3.42743,0.458586
3.43143,0.498191
3.43544,0.658432
3.43944,0.840782
3.44344,1.03828
3.44745,1.19569
3.45145,1.19831
3.45546,1.16062
3.45946,1.09777
3.46346,0.898605
3.46747,0.689602
3.47147,0.553938
3.47548,0.448457
3.47948,0.419289
3.48348,0.485644
3.48749,0.597204
3.49149,0.684544
3.4955,0.769645
3.4995,0.798441
3.5035,0.734438
3.50751,0.636045
3.51151,0.530833
3.51552,0.418139
3.51952,0.382522
3.52352,0.427623
3.52753,0.514736
3.53153,0.63071
3.53554,0.806221
3.53954,0.885696
3.54354,0.882008
3.54755,0.873198
3.55155,0.805651
3.55556,0.614111
3.55956,0.45635
3.56356,0.315212
3.56757,0.235461
3.57157,0.242895
3.57558,0.301191
3.57958,0.369005
3.58358,0.443742
3.58759,0.506567
3.59159,0.497643
3.5956,0.443962
3.5996,0.397522
3.6036,0.358204
3.60761,0.331891
3.61161,0.359358
3.61562,0.503954
3.61962,0.696798
3.62362,0.922043
3.62763,1.14605
3.63163,1.2301
3.63564,1.27776
3.63964,1.29045
3.64364,1.16173
3.64765,0.964051
3.65165,0.783482
3.65566,0.602987
3.65966,0.529362
3.66366,0.515637
3.66767,0.508782
3.67167,0.514766
3.67568,0.539139
3.67968,0.550991
3.68368,0.488201
3.68769,0.384405
3.69169,0.267577
3.6957,0.14889
3.6997,0.114208
3.7037,0.141372
3.70771,0.206417
3.71171,0.300813
3.71572,0.466271
3.71972,0.606408
3.72372,0.676286
3.72773,0.719721
3.73173,0.699452
3.73574,0.600388
3.73974,0.51493
3.74374,0.44694
3.74775,0.400965
3.75175,0.411898
3.75576,0.489923
3.75976,0.576196
3.76376,0.652725
3.76777,0.714492
3.77177,0.705577
3.77578,0.62664
3.77978,0.532319
3.78378,0.38771
3.78779,0.283102
3.79179,0.276625
3.7958,0.305873
3.7998,0.352954
3.8038,0.468006
3.80781,0.641463
3.81181,0.731868
3.81582,0.79022
3.81982,0.812051
3.82382,0.737476
3.82783,0.612977
3.83183,0.500488
3.83584,0.384653
3.83984,0.339566
3.84384,0.356237
3.84785,0.390373
3.85185,0.429433
3.85586,0.483576
3.85986,0.511499
3.86386,0.4687
3.86787,0.385125
3.87187,0.273776
3.87588,0.1398
3.87988,0.0977298
3.88388,0.110556
3.88789,0.143657
3.89189,0.202043
3.8959,0.342393
3.8999,0.500325
3.9039,0.59768
3.90791,0.668121
3.91191,0.667575
3.91592,0.617018
3.91992,0.573156
3.92392,0.546511
3.92793,0.528044
3.93193,0.541657
3.93594,0.636144
3.93994,0.745229
3.94394,0.835212
3.94795,0.910247
3.95195,0.908183
3.95596,0.824411
3.95996,0.710582
3.96396,0.533409
3.96797,0.354802
3.97197,0.238826
3.97598,0.152573
3.97998,0.122345
3.98398,0.152831
3.98799,0.225839
3.99199,0.278756
3.996,0.314169
4,0.35124
