# 20251208_095752
# initdata:	data/PbPb276_cc_(0,5)/initdata.csv
# freezeout file: 	data/PbPb276_cc_(0,5)/freezeout.csv
# particle mass:	1.44727
# NpT:	400
# pTmax:	4
# epsabs:	0
# epsrel:	1e-05
# integr iter:	10000
pT,spec
0,107648
0.0100251,105382
0.0200501,98850.2
0.0300752,88797.3
0.0401003,76321.4
0.0501253,62690.5
0.0601504,49148.7
0.0701754,36748.8
0.0802005,26237
0.0902256,18003.5
0.100251,12094.2
0.110276,8272.1
0.120301,6109.51
0.130326,5094.43
0.140351,4731.76
0.150376,4623.39
0.160401,4513.6
0.170426,4293.07
0.180451,3965.64
0.190476,3593.18
0.200501,3240.63
0.210526,2941.54
0.220551,2692.91
0.230576,2473.12
0.240602,2265.94
0.250627,2073.43
0.260652,1910.47
0.270677,1788.18
0.280702,1700.56
0.290727,1625.89
0.300752,1541.25
0.310777,1438.96
0.320802,1331.06
0.330827,1238.13
0.340852,1171.99
0.350877,1125.87
0.360902,1080.73
0.370927,1021.56
0.380952,949.796
0.390977,880.932
0.401003,829.985
0.411028,798.025
0.421053,771.895
0.431078,737.003
0.441103,690.931
0.451128,644.991
0.461153,612.564
0.471178,595.738
0.481203,583.415
0.491228,562.538
0.501253,530.998
0.511278,499.136
0.521303,478.44
0.531328,469.268
0.541353,460.477
0.551378,441.293
0.561404,412.759
0.571429,386.473
0.581454,371.958
0.591479,366.429
0.601504,358.157
0.611529,339.734
0.621554,316.408
0.631579,300.083
0.641604,295.665
0.651629,295.378
0.661654,287.462
0.671679,269.666
0.681704,251.611
0.691729,243.369
0.701754,243.488
0.711779,240.627
0.721805,227.029
0.73183,207.889
0.741855,195.334
0.75188,194.135
0.761905,196.214
0.77193,190.603
0.781955,176.722
0.79198,164.799
0.802005,163.045
0.81203,167.5
0.822055,167.078
0.83208,157.317
0.842105,145.506
0.85213,140.944
0.862155,142.97
0.87218,142.119
0.882206,132.685
0.892231,120.258
0.902256,114.447
0.912281,116.444
0.922306,117.763
0.932331,111.668
0.942356,102.019
0.952381,97.874
0.962406,101.243
0.972431,104.441
0.982456,100.394
0.992481,91.8307
1.00251,87.0664
1.01253,88.5007
1.02256,89.6571
1.03258,84.4942
1.04261,75.8111
1.05263,71.1613
1.06266,72.3765
1.07268,73.4869
1.08271,69.6149
1.09273,63.8704
1.10276,62.496
1.11278,65.5858
1.12281,66.9183
1.13283,63.0047
1.14286,58.0158
1.15288,57.422
1.16291,59.7979
1.17293,58.9182
1.18296,53.0346
1.19298,47.5982
1.20301,47.3849
1.21303,49.6646
1.22306,48.4738
1.23308,43.5457
1.24311,40.6028
1.25313,42.6978
1.26316,45.6134
1.27318,44.1342
1.28321,39.6643
1.29323,37.8269
1.30326,39.8899
1.31328,41.0308
1.32331,37.8352
1.33333,33.4317
1.34336,32.5648
1.35338,34.4129
1.36341,34.1599
1.37343,30.621
1.38346,27.9823
1.39348,29.1358
1.40351,31.1745
1.41353,30.0043
1.42356,26.6741
1.43358,25.5272
1.44361,27.3091
1.45363,28.1751
1.46366,25.9521
1.47368,23.5171
1.48371,23.9952
1.49373,25.666
1.50376,24.7911
1.51378,21.6992
1.52381,20.2402
1.53383,21.5292
1.54386,22.1599
1.55388,19.8048
1.56391,17.0974
1.57393,17.4703
1.58396,19.6745
1.59398,19.8356
1.60401,17.6733
1.61404,16.8046
1.62406,18.7104
1.63409,20.2199
1.64411,18.5515
1.65414,15.6784
1.66416,15.0247
1.67419,16.0294
1.68421,15.3944
1.69424,12.732
1.70426,11.259
1.71429,12.5467
1.72431,14.0736
1.73434,13.4647
1.74436,12.2381
1.75439,12.9574
1.76441,14.7643
1.77444,14.7485
1.78446,12.7017
1.79449,11.2859
1.80451,11.571
1.81454,11.5533
1.82456,9.94052
1.83459,8.51828
1.84461,9.08461
1.85464,10.3322
1.86466,10.0701
1.87469,8.91407
1.88471,9.08752
1.89474,10.451
1.90476,10.6487
1.91479,9.13192
1.92481,8.1173
1.93484,8.82067
1.94486,9.4426
1.95489,8.35272
1.96491,6.95893
1.97494,7.30276
1.98496,8.51809
1.99499,8.24663
2.00501,6.59607
2.01504,5.89866
2.02506,6.76978
2.03509,7.22774
2.04511,6.24626
2.05514,5.51883
2.06516,6.45732
2.07519,7.70863
2.08521,7.44845
2.09524,6.39572
2.10526,6.37815
2.11529,7.0882
2.12531,6.68907
2.13534,5.09397
2.14536,4.16181
2.15539,4.58011
2.16541,4.92698
2.17544,4.38432
2.18546,4.15557
2.19549,5.13305
2.20551,6.10746
2.21554,5.77477
2.22556,4.96223
2.23559,5.10489
2.24561,5.69443
2.25564,5.23354
2.26566,3.97011
2.27569,3.54124
2.28571,4.17205
2.29574,4.38841
2.30576,3.67845
2.31579,3.33245
2.32581,4.02645
2.33584,4.54189
2.34586,3.91953
2.35589,3.17423
2.36591,3.5055
2.37594,4.21572
2.38596,4.02528
2.39599,3.37955
2.40602,3.60766
2.41604,4.46921
2.42607,4.48999
2.43609,3.48209
2.44612,2.79658
2.45614,2.96432
2.46617,2.96799
2.47619,2.3059
2.48622,1.99053
2.49624,2.68644
2.50627,3.43332
2.51629,3.29719
2.52632,2.95254
2.53634,3.34955
2.54637,3.91994
2.55639,3.57622
2.56642,2.67284
2.57644,2.39037
2.58647,2.69576
2.59649,2.55414
2.60652,1.91628
2.61654,1.81828
2.62657,2.44762
2.63659,2.74516
2.64662,2.27252
2.65664,1.94172
2.66667,2.31546
2.67669,2.61045
2.68672,2.19653
2.69674,1.80251
2.70677,2.20461
2.71679,2.79287
2.72682,2.62282
2.73684,2.0395
2.74687,1.967
2.75689,2.23266
2.76692,1.96999
2.77694,1.2808
2.78697,1.08624
2.79699,1.49212
2.80702,1.6901
2.81704,1.50381
2.82707,1.66514
2.83709,2.32338
2.84712,2.60513
2.85714,2.10122
2.86717,1.58445
2.87719,1.65489
2.88722,1.77459
2.89724,1.38174
2.90727,0.963828
2.91729,1.1369
2.92732,1.49464
2.93734,1.36207
2.94737,1.02021
2.95739,1.13529
2.96742,1.49464
2.97744,1.41204
2.98747,1.02524
2.99749,1.05827
3.00752,1.49565
3.01754,1.62357
3.02757,1.33327
3.03759,1.26208
3.04762,1.5495
3.05764,1.55246
3.06767,1.04136
3.07769,0.645131
3.08772,0.74167
3.09774,0.867607
3.10777,0.691084
3.11779,0.660147
3.12782,1.10327
3.13784,1.50825
3.14787,1.37802
3.15789,1.09335
3.16792,1.18347
3.17794,1.36332
3.18797,1.11015
3.19799,0.67822
3.20802,0.662205
3.21805,0.937586
3.22807,0.932596
3.2381,0.67775
3.24812,0.676781
3.25815,0.907103
3.26817,0.868868
3.2782,0.568916
3.28822,0.547741
3.29825,0.883113
3.30827,1.04799
3.3183,0.889526
3.32832,0.884812
3.33835,1.19634
3.34837,1.31201
3.3584,0.957635
3.36842,0.593185
3.37845,0.592606
3.38847,0.645319
3.3985,0.445213
3.40852,0.308713
3.41855,0.555857
3.42857,0.861538
3.4386,0.825875
3.44862,0.686031
3.45865,0.826832
3.46867,1.02665
3.4787,0.870352
3.48872,0.549734
3.49875,0.540159
3.50877,0.754401
3.5188,0.739464
3.52882,0.516098
3.53885,0.491031
3.54887,0.655782
3.5589,0.608402
3.56892,0.335061
3.57895,0.253024
3.58897,0.443869
3.599,0.538581
3.60902,0.449881
3.61905,0.531355
3.62907,0.853476
3.6391,0.988809
3.64912,0.747317
3.65915,0.505574
3.66917,0.528362
3.6792,0.547657
3.68922,0.339934
3.69925,0.170876
3.70927,0.284883
3.7193,0.444568
3.72932,0.389629
3.73935,0.312314
3.74937,0.444798
3.7594,0.57797
3.76942,0.452869
3.77945,0.274218
3.78947,0.350943
3.7995,0.533934
3.80952,0.507411
3.81955,0.370547
3.82957,0.41435
3.8396,0.542809
3.84962,0.448722
3.85965,0.200181
3.86967,0.123822
3.8797,0.224653
3.88972,0.242068
3.89975,0.191048
3.90977,0.317519
3.9198,0.562427
3.92982,0.602163
3.93985,0.425295
3.94987,0.353948
3.9599,0.456544
3.96992,0.449644
3.97995,0.255837
3.98997,0.153693
4,0.254324
