# 20260616_155223
# initdata:	data/XeXe544_cc_(0,5)plus15/initdata.csv
# freezeout file: 	data/XeXe544_cc_(0,5)plus15/freezeout.csv
# particle mass:	0.36
# NpT:	400
# pTmax:	4
# epsabs:	0
# epsrel:	1e-05
# integr iter:	10000
pT,spec
0,68939.5
0.0100251,66340.4
0.0200501,59055.5
0.0300752,48473.7
0.0401003,36469
0.0501253,24903.3
0.0601504,15192.4
0.0701754,8063.88
0.0802005,3557.94
0.0902256,1220.17
0.100251,377.95
0.110276,380.681
0.120301,732.459
0.130326,1115.54
0.140351,1354.6
0.150376,1378.38
0.160401,1201.49
0.170426,909.838
0.180451,623.198
0.190476,435.094
0.200501,364.633
0.210526,358.278
0.220551,342.744
0.230576,285.488
0.240602,211.544
0.250627,166.21
0.260652,164.266
0.270677,176.893
0.280702,166.082
0.290727,126.424
0.300752,88.5567
0.310777,82.605
0.320802,104.117
0.330827,120.381
0.340852,107.885
0.350877,76.9164
0.360902,56.3246
0.370927,58.7774
0.380952,68.126
0.390977,61.79
0.401003,38.8205
0.411028,19.6085
0.421053,19.7809
0.431078,31.9738
0.441103,37.1115
0.451128,28.8797
0.461153,19.9047
0.471178,23.3472
0.481203,35.1085
0.491228,39.387
0.501253,29.0731
0.511278,14.0646
0.521303,7.84635
0.531328,11.1248
0.541353,13.4941
0.551378,9.02353
0.561404,3.91801
0.571429,6.74891
0.581454,15.7669
0.591479,20.797
0.601504,16.5348
0.611529,8.8962
0.621554,6.43867
0.631579,9.28399
0.641604,10.3484
0.651629,6.04446
0.661654,1.13065
0.671679,1.58486
0.681704,6.21178
0.691729,8.64866
0.701754,6.29854
0.711779,3.40909
0.721805,4.47345
0.73183,7.79365
0.741855,8.15596
0.75188,4.31796
0.761905,0.590246
0.77193,0.714924
0.781955,3.05745
0.79198,3.62694
0.802005,2.01387
0.81203,1.61224
0.822055,4.20382
0.83208,7.03042
0.842105,6.50864
0.85213,3.0878
0.862155,0.424252
0.87218,0.416345
0.882206,1.26947
0.892231,0.883669
0.902256,0.134177
0.912281,1.24869
0.922306,3.99725
0.932331,5.53434
0.942356,4.17456
0.952381,1.62077
0.962406,0.546551
0.972431,1.14651
0.982456,1.46655
0.992481,0.625224
1.00251,0.0290414
1.01253,0.995797
1.02256,2.56522
1.03258,2.78716
1.04261,1.49205
1.05263,0.445248
1.06266,0.773802
1.07268,1.51018
1.08271,1.25642
1.09273,0.324456
1.10276,0.180078
1.11278,1.16051
1.12281,1.94211
1.13283,1.5022
1.14286,0.604344
1.15288,0.636523
1.16291,1.58177
1.17293,2.08704
1.18296,1.42207
1.19298,0.421596
1.20301,0.167109
1.21303,0.503456
1.22306,0.538652
1.23308,0.183417
1.24311,0.300175
1.25313,1.26289
1.26316,2.17563
1.27318,1.99042
1.28321,0.915381
1.29323,0.0927252
1.30326,0.0773446
1.31328,0.309475
1.32331,0.186427
1.33333,0.000975844
1.34336,0.373312
1.35338,1.14887
1.36341,1.48662
1.37343,1.00461
1.38346,0.277044
1.39348,0.00134331
1.40351,0.120671
1.41353,0.142049
1.42356,0.0281331
1.43358,0.238665
1.44361,0.892534
1.45363,1.40146
1.46366,1.19996
1.47368,0.521471
1.48371,0.0900492
1.49373,0.188928
1.50376,0.424081
1.51378,0.412466
1.52381,0.299216
1.53383,0.392231
1.54386,0.590662
1.55388,0.533598
1.56391,0.2099
1.57393,0.0390772
1.58396,0.265606
1.59398,0.583981
1.60401,0.570529
1.61404,0.279968
1.62406,0.128809
1.63409,0.268606
1.64411,0.395765
1.65414,0.253783
1.66416,0.0416651
1.67419,0.115186
1.68421,0.447933
1.69424,0.659242
1.70426,0.544231
1.71429,0.311159
1.72431,0.218993
1.73434,0.216133
1.74436,0.124206
1.75439,0.02661
1.76441,0.200107
1.77444,0.656394
1.78446,1.00256
1.79449,0.887987
1.80451,0.437818
1.81454,0.0758816
1.82456,0.00628656
1.83459,0.0634257
1.84461,0.0635633
1.85464,0.0774019
1.86466,0.241763
1.87469,0.460427
1.88471,0.488848
1.89474,0.278948
1.90476,0.0560806
1.91479,0.0125528
1.92481,0.0766577
1.93484,0.0822136
1.94486,0.0512837
1.95489,0.149517
1.96491,0.390559
1.97494,0.55281
1.98496,0.452846
1.99499,0.190298
2.00501,0.0241979
2.01504,0.0667578
2.02506,0.205827
2.03509,0.303185
2.04511,0.344362
2.05514,0.36073
2.06516,0.318435
2.07519,0.182566
2.08521,0.0384195
2.09524,0.0340227
2.10526,0.189177
2.11529,0.347478
2.12531,0.357588
2.13534,0.241376
2.14536,0.13123
2.15539,0.0896274
2.16541,0.0675974
2.17544,0.0259323
2.18546,0.00973864
2.19549,0.0700226
2.20551,0.172913
2.21554,0.240913
2.22556,0.251215
2.23559,0.235701
2.24561,0.20154
2.25564,0.123852
2.26566,0.0322728
2.27569,0.0348603
2.28571,0.19745
2.29574,0.4279
2.30576,0.542858
2.31579,0.454826
2.32581,0.25042
2.33584,0.077604
2.34586,0.00470208
2.35589,0.0142277
2.36591,0.08176
2.37594,0.193792
2.38596,0.298663
2.39599,0.312719
2.40602,0.211299
2.41604,0.0760676
2.42607,0.010206
2.43609,0.0242841
2.44612,0.047193
2.45614,0.041532
2.46617,0.0553498
2.47619,0.138124
2.48622,0.246622
2.49624,0.279604
2.50627,0.197926
2.51629,0.0721083
2.52632,0.00466687
2.53634,0.0344666
2.54637,0.127856
2.55639,0.231279
2.56642,0.301817
2.57644,0.304055
2.58647,0.223263
2.59649,0.0987144
2.60652,0.0171339
2.61654,0.0430604
2.62657,0.154486
2.63659,0.260494
2.64662,0.283663
2.65664,0.219101
2.66667,0.119765
2.67669,0.0417871
2.68672,0.00859208
2.69674,0.0122339
2.70677,0.0333568
2.71679,0.0597853
2.72682,0.0930133
2.73684,0.136815
2.74687,0.177465
2.75689,0.18281
2.76692,0.133404
2.77694,0.0543072
2.78697,0.00541367
2.79699,0.031404
2.80702,0.123784
2.81704,0.231144
2.82707,0.297586
2.83709,0.290237
2.84712,0.209746
2.85714,0.0969165
2.86717,0.0238735
2.87719,0.0478498
2.88722,0.153734
2.89724,0.253752
2.90727,0.264407
2.91729,0.184281
2.92732,0.0845299
2.93734,0.02726
2.94737,0.013267
2.95739,0.012264
2.96742,0.0171877
2.97744,0.0445717
2.98747,0.0930153
2.99749,0.13139
3.00752,0.134639
3.01754,0.109647
3.02757,0.0753263
3.03759,0.0377235
3.04762,0.00503792
3.05764,0.0113466
3.06767,0.0900308
3.07769,0.2158
3.08772,0.301557
3.09774,0.277156
3.10777,0.163326
3.11779,0.0503312
3.12782,0.00933259
3.13784,0.0418008
3.14787,0.107701
3.15789,0.171098
3.16792,0.206251
3.17794,0.189273
3.18797,0.118239
3.19799,0.035934
3.20802,0.000208916
3.21805,0.0219053
3.22807,0.0543652
3.2381,0.0574201
3.24812,0.0500265
3.25815,0.0754911
3.26817,0.128296
3.2782,0.150509
3.28822,0.107228
3.29825,0.0362306
3.30827,0.0040046
3.3183,0.0319909
3.32832,0.0894727
3.33835,0.144202
3.34837,0.185682
3.3584,0.19958
3.36842,0.161261
3.37845,0.0803897
3.38847,0.0246334
3.3985,0.0577735
3.40852,0.155873
3.41855,0.220615
3.42857,0.188066
3.4386,0.0966773
3.44862,0.0291822
3.45865,0.0134824
3.46867,0.0141367
3.4787,0.00743915
3.48872,0.0170196
3.49875,0.0614703
3.50877,0.106827
3.5188,0.106134
3.52882,0.0667834
3.53885,0.0384663
3.54887,0.0386411
3.5589,0.0335634
3.56892,0.0081898
3.57895,0.0129159
3.58897,0.0997204
3.599,0.229734
3.60902,0.293537
3.61905,0.233359
3.62907,0.108687
3.6391,0.0212681
3.64912,0.00603365
3.65915,0.0270084
3.66917,0.0555172
3.6792,0.0997196
3.68922,0.15286
3.69925,0.166003
3.70927,0.108892
3.7193,0.0291116
3.72932,0.00441431
3.73935,0.042432
3.74937,0.0728515
3.7594,0.0493566
3.76942,0.0152863
3.77945,0.0362628
3.78947,0.0984186
3.7995,0.122786
3.80952,0.0757076
3.81955,0.0148765
3.82957,0.0077878
3.8396,0.0455335
3.84962,0.0727083
3.85965,0.0750341
3.86967,0.0866299
3.8797,0.114985
3.88972,0.11572
3.89975,0.0680319
3.90977,0.0317977
3.9198,0.0797111
3.92982,0.187554
3.93985,0.245458
3.94987,0.189333
3.9599,0.077276
3.96992,0.00943446
3.97995,0.00753063
3.98997,0.0165154
4,0.00571685
