# 20260616_143940
# initdata:	data/XeXe544_cc_(0,5)plus10/initdata.csv
# freezeout file: 	data/XeXe544_cc_(0,5)plus10/freezeout.csv
# particle mass:	0.314286
# NpT:	400
# pTmax:	4
# epsabs:	0
# epsrel:	1e-05
# integr iter:	10000
pT,spec
0,98241.6
0.0100251,93755.7
0.0200501,81342.9
0.0300752,63790
0.0401003,44722.8
0.0501253,27508.5
0.0601504,14375.7
0.0701754,6039.77
0.0802005,1890.96
0.0902256,572.334
0.100251,648.78
0.110276,1083.97
0.120301,1384.9
0.130326,1461.93
0.140351,1383.49
0.150376,1207.82
0.160401,959.18
0.170426,681.616
0.180451,458.188
0.190476,355.793
0.200501,359.268
0.210526,379.856
0.220551,339.744
0.230576,243.903
0.240602,161.301
0.250627,140.429
0.260652,158.176
0.270677,157.234
0.280702,119.296
0.290727,82.0986
0.300752,84.2493
0.310777,113.361
0.320802,123.668
0.330827,95.5784
0.340852,57.2677
0.350877,43.6297
0.360902,51.8524
0.370927,52.074
0.380952,32.7956
0.390977,15.5817
0.401003,21.5995
0.411028,40.797
0.421053,46.9076
0.431078,33.8849
0.441103,21.1463
0.451128,23.228
0.461153,30.0923
0.471178,24.9304
0.481203,10.1054
0.491228,2.76847
0.501253,9.13665
0.511278,16.8211
0.521303,14.7461
0.531328,8.79685
0.541353,10.4895
0.551378,18.1125
0.561404,19.5169
0.571429,10.9053
0.581454,2.23436
0.591479,2.0968
0.601504,6.25948
0.611529,6.28149
0.621554,3.00879
0.631579,3.83998
0.641604,9.61377
0.651629,12.6079
0.661654,8.31915
0.671679,2.0459
0.681704,0.542688
0.691729,2.60379
0.701754,2.79269
0.711779,0.948093
0.721805,1.86877
0.73183,6.49341
0.741855,9.46214
0.75188,6.97202
0.761905,2.26345
0.77193,0.43284
0.781955,1.32349
0.79198,1.34837
0.802005,0.135942
0.81203,0.80096
0.822055,3.98381
0.83208,6.02409
0.842105,4.37124
0.85213,1.37645
0.862155,0.520061
0.87218,1.41256
0.882206,1.34958
0.892231,0.205582
0.902256,0.446176
0.912281,2.61238
0.922306,4.03655
0.932331,2.88629
0.942356,0.860433
0.952381,0.357367
0.962406,0.987242
0.972431,0.904596
0.982456,0.225641
0.992481,0.679338
1.00251,2.33038
1.01253,3.10965
1.02256,2.01089
1.03258,0.659677
1.04261,0.73646
1.05263,1.52098
1.06266,1.38819
1.07268,0.521381
1.08271,0.399218
1.09273,1.19196
1.10276,1.51549
1.11278,0.802334
1.12281,0.210677
1.13283,0.639366
1.14286,1.27544
1.15288,1.03838
1.16291,0.376617
1.17293,0.429387
1.18296,1.08249
1.19298,1.20301
1.20301,0.571404
1.21303,0.238253
1.22306,0.776282
1.23308,1.37647
1.24311,1.1974
1.25313,0.635899
1.26316,0.506545
1.27318,0.69159
1.28321,0.540279
1.29323,0.172047
1.30326,0.338581
1.31328,1.07162
1.32331,1.4646
1.33333,1.01873
1.34336,0.359379
1.35338,0.208507
1.36341,0.359442
1.37343,0.254429
1.38346,0.0288617
1.39348,0.228303
1.40351,0.771763
1.41353,0.990334
1.42356,0.669864
1.43358,0.328948
1.44361,0.322898
1.45363,0.348444
1.46366,0.147337
1.47368,0.0979378
1.48371,0.59522
1.49373,1.25189
1.50376,1.32783
1.51378,0.76691
1.52381,0.214947
1.53383,0.0618211
1.54386,0.0635175
1.55388,0.00412713
1.56391,0.126044
1.57393,0.5915
1.58396,0.993312
1.59398,0.858593
1.60401,0.359784
1.61404,0.0545014
1.62406,0.0802145
1.63409,0.101
1.64411,0.00605448
1.65414,0.124402
1.66416,0.598846
1.67419,1.00893
1.68421,0.91299
1.69424,0.45377
1.70426,0.0986914
1.71429,0.00534154
1.72431,0.0100266
1.73434,0.0910918
1.74436,0.402298
1.75439,0.836952
1.76441,0.979272
1.77444,0.649374
1.78446,0.189036
1.79449,0.00432022
1.80451,0.0686159
1.81454,0.115527
1.82456,0.116656
1.83459,0.249436
1.84461,0.487048
1.85464,0.561404
1.86466,0.365562
1.87469,0.112101
1.88471,0.00774783
1.89474,0.0138516
1.90476,0.0497684
1.91479,0.199431
1.92481,0.513187
1.93484,0.77069
1.94486,0.69622
1.95489,0.348671
1.96491,0.0667434
1.97494,0.0389841
1.98496,0.143411
1.99499,0.227982
2.00501,0.312837
2.01504,0.423073
2.02506,0.435379
2.03509,0.263006
2.04511,0.0532437
2.05514,0.00983252
2.06516,0.100825
2.07519,0.138221
2.08521,0.101145
2.09524,0.158817
2.10526,0.351142
2.11529,0.46683
2.12531,0.341965
2.13534,0.112049
2.14536,0.0257465
2.15539,0.123495
2.16541,0.256517
2.17544,0.341144
2.18546,0.410327
2.19549,0.443415
2.20551,0.346388
2.21554,0.147694
2.22556,0.0428278
2.23559,0.145354
2.24561,0.314048
2.25564,0.34237
2.26566,0.231681
2.27569,0.144875
2.28571,0.14578
2.29574,0.138301
2.30576,0.0622593
2.31579,0.00128823
2.32581,0.0445052
2.33584,0.152513
2.34586,0.233247
2.35589,0.268529
2.36591,0.282893
2.37594,0.251748
2.38596,0.145304
2.39599,0.036506
2.40602,0.0566818
2.41604,0.22515
2.42607,0.402016
2.43609,0.441104
2.44612,0.333495
2.45614,0.174774
2.46617,0.0512967
2.47619,0.000872433
2.48622,0.0323584
2.49624,0.118731
2.50627,0.191148
2.51629,0.196914
2.52632,0.158788
2.53634,0.134241
2.54637,0.126539
2.55639,0.0899527
2.56642,0.0253943
2.57644,0.0104224
2.58647,0.104242
2.59649,0.261489
2.60652,0.374804
2.61654,0.377499
2.62657,0.281235
2.63659,0.143652
2.64662,0.0387159
2.65664,0.0344256
2.66667,0.141331
2.67669,0.276569
2.68672,0.323477
2.69674,0.246451
2.70677,0.121015
2.71679,0.039366
2.72682,0.0179282
2.73684,0.0169274
2.74687,0.0177057
2.75689,0.0409498
2.76692,0.0985789
2.77694,0.163989
2.78697,0.196456
2.79699,0.175285
2.80702,0.109301
2.81704,0.0342499
2.82707,0.00391244
2.83709,0.0577932
2.84712,0.178665
2.85714,0.290863
2.86717,0.31644
2.87719,0.238189
2.88722,0.111568
2.89724,0.0219105
2.90727,0.0236243
2.91729,0.100698
2.92732,0.178898
2.93734,0.191036
2.94737,0.139252
2.95739,0.082356
2.96742,0.0596772
2.97744,0.0509144
2.98747,0.0250194
2.99749,0.000730283
3.00752,0.0248509
3.01754,0.102254
3.02757,0.183695
3.03759,0.222251
3.04762,0.208831
3.05764,0.15301
3.06767,0.0732725
3.07769,0.0205099
3.08772,0.0605093
3.09774,0.190765
3.10777,0.30562
3.11779,0.296026
3.12782,0.173863
3.13784,0.0513121
3.14787,0.0040459
3.15789,0.00861843
3.16792,0.0188742
3.17794,0.0380748
3.18797,0.0807052
3.19799,0.11635
3.20802,0.106944
3.21805,0.0702635
3.22807,0.0503372
3.2381,0.0439018
3.24812,0.0193683
3.25815,0.001954
3.26817,0.0640548
3.2782,0.206429
3.28822,0.315443
3.29825,0.287731
3.30827,0.155799
3.3183,0.039373
3.32832,0.0050764
3.33835,0.0310517
3.34837,0.0831289
3.3584,0.148711
3.36842,0.194143
3.37845,0.167868
3.38847,0.078271
3.3985,0.00823491
3.40852,0.0102914
3.41855,0.036889
3.42857,0.0254442
3.4386,0.00709567
3.44862,0.0579578
3.45865,0.164136
3.46867,0.218848
3.4787,0.164237
3.48872,0.0637223
3.49875,0.00734719
3.50877,0.0102809
3.5188,0.0443108
3.52882,0.106818
3.53885,0.192743
3.54887,0.240267
3.5589,0.187479
3.56892,0.0747474
3.57895,0.0136353
3.58897,0.0435254
3.599,0.088372
3.60902,0.0789085
3.61905,0.0474317
3.62907,0.0556209
3.6391,0.0873463
3.64912,0.0810777
3.65915,0.0345724
3.66917,0.00333341
3.6792,0.00821791
3.68922,0.0190488
3.69925,0.0326798
3.70927,0.0885472
3.7193,0.179233
3.72932,0.218957
3.73935,0.155218
3.74937,0.0602448
3.7594,0.0450292
3.76942,0.112446
3.77945,0.16549
3.78947,0.147083
3.7995,0.0968883
3.80952,0.0641057
3.81955,0.0405656
3.82957,0.0107494
3.8396,0.00177722
3.84962,0.0329334
3.85965,0.0634729
3.86967,0.0508874
3.8797,0.0287929
3.88972,0.0591225
3.89975,0.12318
3.90977,0.135904
3.9198,0.0756834
3.92982,0.0263084
3.93985,0.0591767
3.94987,0.135255
3.9599,0.169849
3.96992,0.146386
3.97995,0.10872
3.98997,0.0760612
4,0.036439
