# 20260616_134319
qT,primespec
0,32743.8
0.004004,32568.7
0.00800801,32378.8
0.012012,32061.1
0.016016,31496.8
0.02002,30804.2
0.024024,29992.7
0.028028,29031.6
0.032032,27986.3
0.036036,26819
0.04004,25574.4
0.044044,24261.4
0.048048,22882.1
0.0520521,21475.8
0.0560561,20033.4
0.0600601,18586.5
0.0640641,17146
0.0680681,15719.8
0.0720721,14333.1
0.0760761,12984.3
0.0800801,11693
0.0840841,10465.5
0.0880881,9306.01
0.0920921,8226.44
0.0960961,7223.36
0.1001,6304.41
0.104104,5468.22
0.108108,4713.05
0.112112,4040.92
0.116116,3443.3
0.12012,2922.1
0.124124,2469.17
0.128128,2080.21
0.132132,1755
0.136136,1478.77
0.14014,1257.83
0.144144,1079.46
0.148148,938.726
0.152152,842.815
0.156156,764.941
0.16016,728.466
0.164164,727.033
0.168168,726.352
0.172172,730.928
0.176176,767.691
0.18018,817.998
0.184184,869.113
0.188188,927.898
0.192192,984.907
0.196196,1042.11
0.2002,1093.8
0.204204,1138.68
0.208208,1177.08
0.212212,1199.33
0.216216,1214.89
0.22022,1222.13
0.224224,1215.81
0.228228,1199.16
0.232232,1178.23
0.236236,1146.26
0.24024,1109.16
0.244244,1070.15
0.248248,1028.05
0.252252,987.25
0.256256,946.957
0.26026,908.886
0.264264,874.095
0.268268,841.749
0.272272,812.135
0.276276,785.183
0.28028,759.552
0.284284,734.798
0.288288,710.815
0.292292,686.278
0.296296,661.254
0.3003,635.957
0.304304,610.053
0.308308,584.055
0.312312,559.339
0.316316,535.239
0.32032,513.709
0.324324,495.126
0.328328,479.015
0.332332,467.528
0.336336,458.504
0.34034,452.619
0.344344,450.014
0.348348,448.326
0.352352,446.808
0.356356,445.636
0.36036,444.105
0.364364,440.675
0.368368,434.838
0.372372,427.69
0.376376,417.886
0.38038,406.781
0.384384,395.103
0.388388,382.778
0.392392,371.755
0.396396,361.428
0.4004,353.001
0.404404,346.981
0.408408,342.258
0.412412,339.422
0.416416,337.857
0.42042,336.362
0.424424,334.336
0.428428,331.856
0.432432,328.275
0.436436,322.255
0.44044,314.635
0.444444,305.596
0.448448,294.82
0.452452,284.093
0.456456,272.936
0.46046,262.819
0.464464,254.408
0.468468,247.2
0.472472,242.871
0.476476,239.928
0.48048,238.324
0.484484,238.113
0.488488,238.03
0.492492,237.75
0.496496,236.245
0.500501,233.761
0.504505,229.878
0.508509,223.786
0.512513,217.05
0.516517,209.048
0.520521,201.002
0.524525,193.665
0.528529,186.869
0.532533,182.45
0.536537,179.183
0.540541,177.411
0.544545,177.665
0.548549,178.545
0.552553,179.296
0.556557,179.99
0.560561,180.425
0.564565,179.538
0.568569,176.623
0.572573,172.996
0.576577,167.662
0.580581,161.611
0.584585,155.7
0.588589,149.764
0.592593,145.475
0.596597,141.967
0.600601,139.949
0.604605,140.047
0.608609,140.651
0.612613,141.421
0.616617,142.782
0.620621,143.84
0.624625,143.461
0.628629,141.928
0.632633,139.759
0.636637,135.624
0.640641,130.466
0.644645,125.214
0.648649,119.609
0.652653,115.151
0.656657,111.166
0.660661,108.666
0.664665,108.332
0.668669,108.202
0.672673,108.223
0.676677,109.116
0.680681,110.022
0.684685,109.75
0.688689,108.528
0.692693,106.779
0.696697,103.356
0.700701,99.0254
0.704705,94.6106
0.708709,89.8766
0.712713,86.2224
0.716717,83.0613
0.720721,81.126
0.724725,81.1017
0.728729,81.4401
0.732733,81.9514
0.736737,83.2676
0.740741,84.4472
0.744745,84.3636
0.748749,83.6967
0.752753,82.6559
0.756757,80.0618
0.760761,76.6515
0.764765,73.2908
0.768769,69.7338
0.772773,67.377
0.776777,65.7652
0.780781,64.8253
0.784785,65.1253
0.788789,66.4207
0.792793,67.829
0.796797,69.5939
0.800801,70.956
0.804805,70.9314
0.808809,70.3928
0.812813,69.5352
0.816817,67.2287
0.820821,64.182
0.824825,61.3147
0.828829,58.3575
0.832833,56.6104
0.836837,55.6476
0.840841,55.1072
0.844845,55.4247
0.848849,56.6929
0.852853,57.8372
0.856857,58.8062
0.860861,59.4758
0.864865,59.1983
0.868869,57.8476
0.872873,56.0967
0.876877,53.4209
0.880881,50.3784
0.884885,47.6748
0.888889,45.0669
0.892893,43.7368
0.896897,43.2069
0.900901,42.9248
0.904905,43.2252
0.908909,44.3211
0.912913,44.9391
0.916917,45.0598
0.920921,45.1212
0.924925,44.6863
0.928929,42.9144
0.932933,40.9084
0.936937,38.5515
0.940941,36.2945
0.944945,34.7747
0.948949,33.537
0.952953,33.1145
0.956957,33.5531
0.960961,34.3422
0.964965,35.2738
0.968969,36.5105
0.972973,37.0358
0.976977,36.8937
0.980981,36.5765
0.984985,35.839
0.988989,34.1296
0.992993,32.4637
0.996997,30.7498
1.001,29.4844
1.00501,29.3746
1.00901,29.484
1.01301,29.6813
1.01702,30.6821
1.02102,32.0899
1.02503,32.9386
1.02903,33.6074
1.03303,33.8489
1.03704,33.2025
1.04104,31.9951
1.04505,30.5891
1.04905,28.7237
1.05305,27.2469
1.05706,26.1051
1.06106,25.3395
1.06507,25.3633
1.06907,25.8673
1.07307,26.4773
1.07708,27.3169
1.08108,28.0706
1.08509,28.088
1.08909,27.6811
1.09309,27.0638
1.0971,25.7062
1.1011,23.8948
1.10511,22.2385
1.10911,20.5369
1.11311,19.6064
1.11712,19.2712
1.12112,19.0837
1.12513,19.2377
1.12913,20.0151
1.13313,20.6379
1.13714,20.9188
1.14114,21.0956
1.14515,20.9315
1.14915,20.0156
1.15315,18.9426
1.15716,17.6529
1.16116,16.462
1.16517,15.9456
1.16917,15.6335
1.17317,15.5219
1.17718,16.0447
1.18118,17.0208
1.18519,17.8756
1.18919,18.7892
1.19319,19.2126
1.1972,19.0696
1.2012,18.7422
1.20521,18.1859
1.20921,17.0802
1.21321,16.1237
1.21722,15.4079
1.22122,14.8977
1.22523,14.9152
1.22923,15.4052
1.23323,16.0399
1.23724,16.948
1.24124,17.8498
1.24525,18.0008
1.24925,18.0064
1.25325,18.0075
1.25726,17.3508
1.26126,16.1258
1.26527,15.0076
1.26927,13.7971
1.27327,13.0921
1.27728,12.859
1.28128,12.7247
1.28529,12.8184
1.28929,13.4054
1.29329,13.8804
1.2973,14.0329
1.3013,14.1259
1.30531,14.0034
1.30931,13.2069
1.31331,12.2407
1.31732,11.136
1.32132,10.0575
1.32533,9.45229
1.32933,9.02315
1.33333,8.84426
1.33734,9.1148
1.34134,9.66742
1.34535,10.1548
1.34935,10.6762
1.35335,10.943
1.35736,10.8012
1.36136,10.473
1.36537,10.0193
1.36937,9.25532
1.37337,8.71437
1.37738,8.49684
1.38138,8.36092
1.38539,8.43342
1.38939,9.05133
1.39339,9.82068
1.3974,10.6179
1.4014,11.3699
1.40541,11.5079
1.40941,11.4824
1.41341,11.4334
1.41742,10.9774
1.42142,10.1604
1.42543,9.52755
1.42943,8.93345
1.43343,8.64376
1.43744,8.75455
1.44144,9.02306
1.44545,9.37755
1.44945,9.98059
1.45345,10.3551
1.45746,10.3283
1.46146,10.2469
1.46547,10.0315
1.46947,9.2516
1.47347,8.36695
1.47748,7.48557
1.48148,6.69376
1.48549,6.37377
1.48949,6.21346
1.49349,6.14691
1.4975,6.36036
1.5015,6.77906
1.50551,6.96499
1.50951,7.04722
1.51351,7.0825
1.51752,6.82821
1.52152,6.27242
1.52553,5.74581
1.52953,5.13682
1.53353,4.81294
1.53754,4.84273
1.54154,4.93558
1.54555,5.11931
1.54955,5.66958
1.55355,6.26821
1.55756,6.67842
1.56156,7.00946
1.56557,7.0508
1.56957,6.82639
1.57357,6.51614
1.57758,6.08316
1.58158,5.62927
1.58559,5.53368
1.58959,5.57825
1.59359,5.66177
1.5976,5.98086
1.6016,6.59216
1.60561,7.07085
1.60961,7.49059
1.61361,7.72162
1.61762,7.60527
1.62162,7.28831
1.62563,6.88749
1.62963,6.25097
1.63363,5.69396
1.63764,5.32955
1.64164,5.05727
1.64565,5.02051
1.64965,5.20955
1.65365,5.44805
1.65766,5.65046
1.66166,5.83713
1.66567,5.85504
1.66967,5.5933
1.67367,5.20744
1.67768,4.68775
1.68168,4.06858
1.68569,3.64657
1.68969,3.30992
1.69369,3.13786
1.6977,3.23536
1.7017,3.50923
1.70571,3.80217
1.70971,4.18463
1.71371,4.44285
1.71772,4.42817
1.72172,4.36339
1.72573,4.24123
1.72973,3.87549
1.73373,3.56345
1.73774,3.45513
1.74174,3.38638
1.74575,3.40033
1.74975,3.72563
1.75375,4.18834
1.75776,4.6299
1.76176,5.08504
1.76577,5.20607
1.76977,5.17483
1.77377,5.11317
1.77778,4.86184
1.78178,4.37085
1.78579,3.9854
1.78979,3.63861
1.79379,3.44297
1.7978,3.49421
1.8018,3.6632
1.80581,3.86785
1.80981,4.19332
1.81381,4.4355
1.81782,4.42388
1.82182,4.35608
1.82583,4.23198
1.82983,3.8414
1.83383,3.40866
1.83784,3.05858
1.84184,2.75686
1.84585,2.68604
1.84985,2.77998
1.85385,2.93467
1.85786,3.17141
1.86186,3.49681
1.86587,3.60059
1.86987,3.58829
1.87387,3.56222
1.87788,3.392
1.88188,3.00401
1.88589,2.68455
1.88989,2.38531
1.89389,2.20927
1.8979,2.24816
1.9019,2.39813
1.90591,2.59039
1.90991,2.91493
1.91391,3.20525
1.91792,3.27831
1.92192,3.31823
1.92593,3.31119
1.92993,3.06418
1.93393,2.7451
1.93794,2.47615
1.94194,2.22763
1.94595,2.16113
1.94995,2.22775
1.95395,2.34304
1.95796,2.52841
1.96196,2.80239
1.96597,2.89916
1.96997,2.89136
1.97397,2.87414
1.97798,2.74096
1.98198,2.40619
1.98599,2.11995
1.98999,1.84414
1.99399,1.67579
1.998,1.70033
2.002,1.81861
2.00601,1.97598
2.01001,2.25411
2.01401,2.5309
2.01802,2.63211
2.02202,2.69471
2.02603,2.7018
2.03003,2.51825
2.03403,2.27391
2.03804,2.07787
2.04204,1.89659
2.04605,1.84527
2.05005,1.93712
2.05405,2.09678
2.05806,2.30861
2.06206,2.60458
2.06607,2.74596
2.07007,2.77947
2.07407,2.79564
2.07808,2.70194
2.08208,2.39677
2.08609,2.10112
2.09009,1.77145
2.09409,1.5508
2.0981,1.5219
2.1021,1.51234
2.10611,1.51571
2.11011,1.65174
2.11411,1.8107
2.11812,1.81947
2.12212,1.80022
2.12613,1.76172
2.13013,1.55874
2.13413,1.30021
2.13814,1.08102
2.14214,0.879936
2.14615,0.819022
2.15015,0.870239
2.15415,0.967786
2.15816,1.11115
2.16216,1.34321
2.16617,1.49775
2.17017,1.56964
2.17417,1.6101
2.17818,1.56591
2.18218,1.41393
2.18619,1.30053
2.19019,1.22486
2.19419,1.17807
2.1982,1.22062
2.2022,1.4099
2.20621,1.63505
2.21021,1.90874
2.21421,2.16423
2.21822,2.25354
2.22222,2.30408
2.22623,2.31495
2.23023,2.15791
2.23423,1.92055
2.23824,1.70333
2.24224,1.48052
2.24625,1.40204
2.25025,1.40771
2.25425,1.42059
2.25826,1.46915
2.26226,1.59414
2.26627,1.65403
2.27027,1.62001
2.27427,1.54913
2.27828,1.41684
2.28228,1.16762
2.28629,0.939772
2.29029,0.70273
2.29429,0.554397
2.2983,0.547147
2.3023,0.575037
2.30631,0.618596
2.31031,0.737962
2.31431,0.883972
2.31832,0.919715
2.32232,0.93307
2.32633,0.93519
2.33033,0.835316
2.33433,0.717315
2.33834,0.680381
2.34234,0.661415
2.34635,0.656837
2.35035,0.763786
2.35435,0.973299
2.35836,1.17074
2.36236,1.39388
2.36637,1.50328
2.37037,1.51629
2.37437,1.52273
2.37838,1.47985
2.38238,1.30946
2.38639,1.16847
2.39039,1.06763
2.39439,1.00029
2.3984,1.014
2.4024,1.11342
2.40641,1.22977
2.41041,1.36398
2.41441,1.48193
2.41842,1.48634
2.42242,1.43219
2.42643,1.3515
2.43043,1.17215
2.43443,0.961226
2.43844,0.804236
2.44244,0.667298
2.44645,0.616337
2.45045,0.656035
2.45445,0.736119
2.45846,0.828639
2.46246,0.957229
2.46647,1.02216
2.47047,1.00671
2.47447,0.971302
2.47848,0.898598
2.48248,0.747295
2.48649,0.642164
2.49049,0.58579
2.49449,0.550746
2.4985,0.567542
2.5025,0.680329
2.50651,0.814626
2.51051,0.94435
2.51451,1.05715
2.51852,1.06685
2.52252,1.03027
2.52653,0.975454
2.53053,0.845928
2.53453,0.704652
2.53854,0.639125
2.54254,0.59742
2.54655,0.581763
2.55055,0.646988
2.55455,0.779081
2.55856,0.888627
2.56256,0.998096
2.56657,1.05035
2.57057,1.01775
2.57457,0.94753
2.57858,0.847943
2.58258,0.689921
2.58659,0.592721
2.59059,0.554677
2.59459,0.532137
2.5986,0.548396
2.6026,0.66245
2.60661,0.797219
2.61061,0.909297
2.61461,1.00379
2.61862,1.01167
2.62262,0.96861
2.62663,0.908766
2.63063,0.794752
2.63463,0.684916
2.63864,0.66865
2.64264,0.676592
2.64665,0.691178
2.65065,0.777577
2.65465,0.938453
2.65866,1.05688
2.66266,1.15906
2.66667,1.20777
2.67067,1.16521
2.67467,1.07105
2.67868,0.952974
2.68268,0.779859
2.68669,0.646223
2.69069,0.55541
2.69469,0.493994
2.6987,0.492317
2.7027,0.540379
2.70671,0.590665
2.71071,0.621689
2.71471,0.645121
2.71872,0.636316
2.72272,0.555417
2.72673,0.457903
2.73073,0.329261
2.73473,0.229457
2.73874,0.214623
2.74274,0.218948
2.74675,0.227191
2.75075,0.282531
2.75475,0.404832
2.75876,0.493962
2.76276,0.562853
2.76677,0.596825
2.77077,0.57361
2.77477,0.52712
2.77878,0.488407
2.78278,0.449225
2.78679,0.4296
2.79079,0.468046
2.79479,0.565666
2.7988,0.678152
2.8028,0.831129
2.80681,0.962513
2.81081,1.03054
2.81481,1.07742
2.81882,1.07311
2.82282,0.98196
2.82683,0.868242
2.83083,0.736639
2.83483,0.613045
2.83884,0.564262
2.84284,0.54039
2.84685,0.530418
2.85085,0.564504
2.85485,0.63059
2.85886,0.646784
2.86286,0.640373
2.86687,0.62812
2.87087,0.563355
2.87487,0.443907
2.87888,0.329112
2.88288,0.203693
2.88689,0.151113
2.89089,0.151844
2.89489,0.155291
2.8989,0.16709
2.9029,0.229898
2.90691,0.30013
2.91091,0.318787
2.91491,0.33025
2.91892,0.324388
2.92292,0.268467
2.92693,0.222377
2.93093,0.204096
2.93493,0.192154
2.93894,0.196361
2.94294,0.260143
2.94695,0.359028
2.95095,0.453391
2.95495,0.551263
2.95896,0.575077
2.96296,0.5733
2.96697,0.569659
2.97097,0.52095
2.97497,0.427818
2.97898,0.364966
2.98298,0.314808
2.98699,0.289741
2.99099,0.310071
2.99499,0.366372
2.999,0.423965
3.003,0.492538
3.00701,0.537703
3.01101,0.528329
3.01502,0.498451
3.01902,0.453064
3.02302,0.359008
3.02703,0.278927
3.03103,0.228339
3.03504,0.192301
3.03904,0.188526
3.04304,0.230987
3.04705,0.295214
3.05105,0.354944
3.05506,0.416717
3.05906,0.431685
3.06306,0.414877
3.06707,0.386835
3.07107,0.329293
3.07508,0.254827
3.07908,0.218975
3.08308,0.199684
3.08709,0.190523
3.09109,0.21178
3.0951,0.274577
3.0991,0.328599
3.1031,0.374001
3.10711,0.401543
3.11111,0.386756
3.11512,0.342597
3.11912,0.288746
3.12312,0.205847
3.12713,0.151078
3.13113,0.131422
3.13514,0.119421
3.13914,0.119745
3.14314,0.159054
3.14715,0.216921
3.15115,0.248402
3.15516,0.273157
3.15916,0.276668
3.16316,0.242541
3.16717,0.19871
3.17117,0.153434
3.17518,0.112921
3.17918,0.10486
3.18318,0.128735
3.18719,0.17272
3.19119,0.231556
3.1952,0.317718
3.1992,0.379785
3.2032,0.421231
3.20721,0.444312
3.21121,0.429073
3.21522,0.385625
3.21922,0.346863
3.22322,0.306548
3.22723,0.282114
3.23123,0.29464
3.23524,0.339293
3.23924,0.393922
3.24324,0.474573
3.24725,0.546278
3.25125,0.564072
3.25526,0.573724
3.25926,0.571643
3.26326,0.503775
3.26727,0.410405
3.27127,0.316323
3.27528,0.225036
3.27928,0.1762
3.28328,0.146415
3.28729,0.13148
3.29129,0.139612
3.2953,0.164504
3.2993,0.174523
3.3033,0.169476
3.30731,0.159499
3.31131,0.12982
3.31532,0.0821661
3.31932,0.0554897
3.32332,0.0388264
3.32733,0.0308685
3.33133,0.0400651
3.33534,0.0881547
3.33934,0.153601
3.34334,0.216759
3.34735,0.265365
3.35135,0.269659
3.35536,0.270589
3.35936,0.268462
3.36336,0.229287
3.36737,0.195239
3.37137,0.194645
3.37538,0.200599
3.37938,0.211965
3.38338,0.262592
3.38739,0.339994
3.39139,0.400493
3.3954,0.458146
3.3994,0.476785
3.4034,0.459992
3.40741,0.429286
3.41141,0.377882
3.41542,0.300485
3.41942,0.244647
3.42342,0.200614
3.42743,0.175499
3.43143,0.181511
3.43544,0.208711
3.43944,0.235856
3.44344,0.26205
3.44745,0.281165
3.45145,0.273222
3.45546,0.239053
3.45946,0.197359
3.46346,0.131881
3.46747,0.0846504
3.47147,0.0647332
3.47548,0.0524056
3.47948,0.0497029
3.48348,0.0735852
3.48749,0.12268
3.49149,0.156207
3.4955,0.185176
3.4995,0.194833
3.5035,0.179755
3.50751,0.155524
3.51151,0.12608
3.51552,0.0929855
3.51952,0.0826765
3.52352,0.0915168
3.52753,0.109339
3.53153,0.136506
3.53554,0.183739
3.53954,0.214633
3.54354,0.225352
3.54755,0.231132
3.55155,0.2186
3.55556,0.173044
3.55956,0.129422
3.56356,0.0806299
3.56757,0.0537636
3.57157,0.0549284
3.57558,0.069485
3.57958,0.0909162
3.58358,0.128581
3.58759,0.173463
3.59159,0.188043
3.5956,0.195447
3.5996,0.196985
3.6036,0.168614
3.60761,0.135843
3.61161,0.122213
3.61562,0.113478
3.61962,0.111156
3.62362,0.138921
3.62763,0.195436
3.63163,0.249006
3.63564,0.309718
3.63964,0.336093
3.64364,0.334673
3.64765,0.331204
3.65165,0.31179
3.65566,0.254032
3.65966,0.204527
3.66366,0.160721
3.66767,0.132881
3.67167,0.13386
3.67568,0.150558
3.67968,0.1714
3.68368,0.199725
3.68769,0.226247
3.69169,0.226017
3.6957,0.209664
3.6997,0.186289
3.7037,0.140003
3.70771,0.0907669
3.71171,0.0527536
3.71572,0.0254099
3.71972,0.0184761
3.72372,0.0271853
3.72773,0.0491756
3.73173,0.0696908
3.73574,0.0914382
3.73974,0.101342
3.74374,0.0940467
3.74775,0.0823125
3.75175,0.0721731
3.75576,0.0618933
3.75976,0.0580022
3.76376,0.0767542
3.76777,0.123294
3.77177,0.177173
3.77578,0.247294
3.77978,0.30866
3.78378,0.352785
3.78779,0.383488
3.79179,0.381582
3.7958,0.354489
3.7998,0.321771
3.8038,0.273232
3.80781,0.233457
3.81181,0.229058
3.81582,0.232409
3.81982,0.238334
3.82382,0.269049
3.82783,0.314761
3.83183,0.331475
3.83584,0.339366
3.83984,0.342038
3.84384,0.309579
3.84785,0.251261
3.85185,0.19136
3.85586,0.125863
3.85986,0.0904683
3.86386,0.0735464
3.86787,0.0640013
3.87187,0.0673249
3.87588,0.0924841
3.87988,0.116381
3.88388,0.124151
3.88789,0.128894
3.89189,0.123146
3.8959,0.0946444
3.8999,0.0710331
3.9039,0.0537477
3.90791,0.0426468
3.91191,0.0449808
3.91592,0.0707747
3.91992,0.110551
3.92392,0.152947
3.92793,0.195843
3.93193,0.205576
3.93594,0.207554
3.93994,0.208202
3.94394,0.182553
3.94795,0.143843
3.95195,0.121206
3.95596,0.104124
3.95996,0.0971601
3.96396,0.112291
3.96797,0.146915
3.97197,0.179933
3.97598,0.217089
3.97998,0.237012
3.98398,0.231245
3.98799,0.217298
3.99199,0.194172
3.996,0.149176
4,0.111646
