# 20251205_151120
qT,primespec
0,96610.4
0.004004,95714.6
0.00800801,94747.4
0.012012,93137.5
0.016016,90305.3
0.02002,86878.3
0.024024,82931.1
0.028028,78353.3
0.032032,73495.2
0.036036,68220.9
0.04004,62776.7
0.044044,57236.3
0.048048,51648.1
0.0520521,46202.8
0.0560561,40884.8
0.0600601,35842.2
0.0640641,31111.5
0.0680681,26730.8
0.0720721,22784.3
0.0760761,19226.8
0.0800801,16135.2
0.0840841,13462.1
0.0880881,11196.4
0.0920921,9364.44
0.0960961,7843.06
0.1001,6678.1
0.104104,5790.95
0.108108,5110.57
0.112112,4660.47
0.116116,4330.6
0.12012,4109.6
0.124124,3977.46
0.128128,3882.16
0.132132,3802.97
0.136136,3740.55
0.14014,3675.03
0.144144,3593.15
0.148148,3500.34
0.152152,3397.35
0.156156,3280.02
0.16016,3158
0.164164,3034.87
0.168168,2910.53
0.172172,2791.75
0.176176,2677.64
0.18018,2567.94
0.184184,2463.57
0.188188,2363.05
0.192192,2263.56
0.196196,2165.6
0.2002,2068.7
0.204204,1971.49
0.208208,1875.82
0.212212,1784.96
0.216216,1697.02
0.22022,1617.79
0.224224,1548.26
0.228228,1486.97
0.232232,1438.43
0.236236,1398.99
0.24024,1366.1
0.244244,1339.67
0.248248,1316.75
0.252252,1291.42
0.256256,1264.39
0.26026,1233.99
0.264264,1197.04
0.268268,1154.64
0.272272,1110.28
0.276276,1062.11
0.28028,1015.95
0.284284,973.819
0.288288,935.434
0.292292,906.295
0.296296,883.125
0.3003,865.31
0.304304,853.319
0.308308,843.86
0.312312,832.579
0.316316,819.747
0.32032,804.231
0.324324,782.981
0.328328,756.225
0.332332,727.716
0.336336,695.627
0.34034,664.89
0.344344,637.57
0.348348,613.063
0.352352,595.939
0.356356,583.452
0.36036,574.11
0.364364,567.984
0.368368,563.235
0.372372,556.356
0.376376,546.112
0.38038,533.093
0.384384,515.786
0.388388,494.075
0.392392,472.413
0.396396,449.409
0.4004,429.375
0.404404,413.971
0.408408,401.46
0.412412,395.54
0.416416,392.959
0.42042,390.898
0.424424,388.729
0.428428,386.542
0.432432,382.575
0.436436,373.084
0.44044,360.661
0.444444,346.322
0.448448,329.771
0.452452,315.72
0.456456,302.457
0.46046,293.612
0.464464,290.629
0.468468,288.818
0.472472,288.563
0.476476,290.125
0.48048,291.523
0.484484,289.849
0.488488,284.511
0.492492,277.573
0.496496,266.26
0.500501,253.713
0.504505,241.983
0.508509,230.773
0.512513,224.347
0.516517,220.292
0.520521,218.2
0.524525,218.758
0.528529,220.216
0.532533,220.557
0.536537,218.247
0.540541,214.221
0.544545,207.673
0.548549,197.37
0.552553,187.336
0.556557,176.626
0.560561,168.149
0.564565,163.588
0.568569,160.35
0.572573,159.647
0.576577,161.266
0.580581,162.813
0.584585,162.46
0.588589,160.921
0.592593,158.458
0.596597,152.159
0.600601,144.398
0.604605,136.944
0.608609,129.531
0.612613,126.245
0.616617,125.007
0.620621,124.409
0.624625,125.81
0.628629,129.491
0.632633,130.86
0.636637,130.578
0.640641,129.977
0.644645,127.357
0.648649,121.036
0.652653,115.004
0.656657,108.538
0.660661,103.986
0.664665,103.068
0.668669,102.622
0.672673,102.634
0.676677,104.71
0.680681,106.841
0.684685,106.486
0.688689,104.661
0.692693,102.004
0.696697,96.4154
0.700701,89.9355
0.704705,84.2305
0.708709,78.8518
0.712713,77.0739
0.716717,76.9539
0.720721,76.9006
0.724725,77.5247
0.728729,79.2844
0.732733,79.9393
0.736737,78.4291
0.740741,75.8202
0.744745,72.234
0.748749,67.2604
0.752753,63.8276
0.756757,61.458
0.760761,60.0633
0.764765,60.7019
0.768769,63.1664
0.772773,65.4518
0.776777,67.5634
0.780781,69.0304
0.784785,68.4865
0.788789,66.1286
0.792793,63.356
0.796797,59.339
0.800801,55.954
0.804805,54.9052
0.808809,54.3214
0.812813,54.2306
0.816817,56.1563
0.820821,58.3455
0.824825,58.479
0.828829,58.216
0.832833,57.6815
0.836837,54.4797
0.840841,50.0104
0.844845,45.9813
0.848849,41.9239
0.852853,40.412
0.856857,40.2816
0.860861,40.2208
0.864865,40.7211
0.868869,42.3481
0.872873,43.0846
0.876877,42.3459
0.880881,40.9646
0.884885,38.8626
0.888889,35.661
0.892893,33.7008
0.896897,32.7329
0.900901,32.1825
0.904905,32.7358
0.908909,35.0089
0.912913,37.0508
0.916917,38.6037
0.920921,39.6748
0.924925,39.3474
0.928929,37.664
0.932933,35.798
0.936937,33.3739
0.940941,31.4873
0.944945,31.3567
0.948949,31.585
0.952953,31.9506
0.956957,33.1417
0.960961,34.4031
0.964965,34.3164
0.968969,33.2918
0.972973,31.8636
0.976977,29.1424
0.980981,26.1643
0.984985,24.1814
0.988989,22.5511
0.992993,21.9809
0.996997,22.6489
1.001,23.7051
1.00501,24.4122
1.00901,25.022
1.01301,25.239
1.01702,24.1746
1.02102,22.4429
1.02503,20.8755
1.02903,19.2124
1.03303,18.5608
1.03704,19.0304
1.04104,19.9484
1.04505,21.1668
1.04905,23.0176
1.05305,23.8979
1.05706,23.7043
1.06106,23.2691
1.06507,22.303
1.06907,20.208
1.07307,18.6987
1.07708,17.8606
1.08108,17.3365
1.08509,17.5497
1.08909,18.6968
1.09309,19.5182
1.0971,19.7689
1.1011,19.9124
1.10511,19.5373
1.10911,17.8133
1.11311,16.1296
1.11712,14.5484
1.12112,13.3792
1.12513,13.3587
1.12913,13.9764
1.13313,14.7657
1.13714,15.9214
1.14114,17.0401
1.14515,17.1091
1.14915,16.6376
1.15315,15.9732
1.15716,14.5846
1.16116,13.2164
1.16517,12.92
1.16917,12.8367
1.17317,12.813
1.17718,13.5641
1.18118,14.6742
1.18519,14.8309
1.18919,14.672
1.19319,14.3968
1.1972,13.1889
1.2012,11.5193
1.20521,10.3891
1.20921,9.43581
1.21321,9.04645
1.21722,9.4574
1.22122,10.2362
1.22523,10.8756
1.22923,11.5172
1.23323,11.8164
1.23724,11.4009
1.24124,10.6504
1.24525,9.99818
1.24925,9.31075
1.25325,8.99911
1.25726,9.4033
1.26126,10.2403
1.26527,11.1103
1.26927,12.2136
1.27327,12.7917
1.27728,12.58
1.28128,12.0964
1.28529,11.348
1.28929,9.99577
1.29329,9.06299
1.2973,8.65762
1.3013,8.40606
1.30531,8.48115
1.30931,9.06099
1.31331,9.44998
1.31732,9.31575
1.32132,8.98543
1.32533,8.38878
1.32933,7.11286
1.33333,6.10699
1.33734,5.49475
1.34134,5.0812
1.34535,5.13362
1.34935,5.86115
1.35335,6.70482
1.35736,7.37518
1.36136,7.93754
1.36537,7.96473
1.36937,7.54643
1.37337,7.09244
1.37738,6.67868
1.38138,6.33663
1.38539,6.365
1.38939,6.93826
1.39339,7.63498
1.3974,8.29173
1.4014,8.88803
1.40541,8.92565
1.40941,8.42487
1.41341,7.74524
1.41742,6.71855
1.42142,5.67895
1.42543,5.28988
1.42943,5.10571
1.43343,5.03193
1.43744,5.33386
1.44144,5.87815
1.44545,5.98694
1.44945,5.85088
1.45345,5.62908
1.45746,4.99861
1.46146,4.25781
1.46547,4.09497
1.46947,4.07934
1.47347,4.07365
1.47748,4.46961
1.48148,5.30874
1.48549,5.73049
1.48949,5.94236
1.49349,6.03565
1.4975,5.65639
1.5015,4.92069
1.50551,4.38582
1.50951,3.91496
1.51351,3.68488
1.51752,3.86417
1.52152,4.26201
1.52553,4.5452
1.52953,4.77178
1.53353,4.88835
1.53754,4.60569
1.54154,4.02367
1.54555,3.55678
1.54955,3.10464
1.55355,2.87589
1.55756,3.07498
1.56156,3.58602
1.56557,4.11501
1.56957,4.77048
1.57357,5.1854
1.57758,5.11095
1.58158,4.90316
1.58559,4.59987
1.58959,4.01307
1.59359,3.65971
1.5976,3.69584
1.6016,3.8082
1.60561,3.98891
1.60961,4.4124
1.61361,4.72894
1.61762,4.6243
1.62162,4.32349
1.62563,3.89078
1.62963,3.08055
1.63363,2.44381
1.63764,2.09392
1.64164,1.85477
1.64565,1.84013
1.64965,2.1482
1.65365,2.4904
1.65766,2.61147
1.66166,2.69154
1.66567,2.66618
1.66967,2.33889
1.67367,2.10179
1.67768,2.12604
1.68168,2.21647
1.68569,2.38632
1.68969,2.92153
1.69369,3.53043
1.6977,3.84082
1.7017,4.07045
1.70571,4.08222
1.70971,3.69959
1.71371,3.24472
1.71772,2.84183
1.72172,2.48799
1.72573,2.42001
1.72973,2.57001
1.73373,2.75969
1.73774,2.89724
1.74174,3.01778
1.74575,3.01452
1.74975,2.66787
1.75375,2.24417
1.75776,1.83776
1.76176,1.47935
1.76577,1.40946
1.76977,1.5737
1.77377,1.83096
1.77778,2.14052
1.78178,2.51519
1.78579,2.6179
1.78979,2.51229
1.79379,2.34506
1.7978,2.05699
1.8018,1.71275
1.80581,1.62814
1.80981,1.69774
1.81381,1.81492
1.81782,2.01477
1.82182,2.30595
1.82583,2.38965
1.82983,2.25888
1.83383,2.04885
1.83784,1.67355
1.84184,1.24062
1.84585,1.13279
1.84985,1.15343
1.85385,1.19555
1.85786,1.37845
1.86186,1.81404
1.86587,2.06792
1.86987,2.1634
1.87387,2.21056
1.87788,2.08188
1.88188,1.80317
1.88589,1.71828
1.88989,1.74674
1.89389,1.80336
1.8979,1.99717
1.9019,2.40541
1.90591,2.59058
1.90991,2.62266
1.91391,2.63712
1.91792,2.45379
1.92192,1.96881
1.92593,1.56349
1.92993,1.16948
1.93393,0.954416
1.93794,0.969976
1.94194,1.04269
1.94595,1.10318
1.94995,1.15272
1.95395,1.18391
1.95796,1.08056
1.96196,0.844702
1.96597,0.742124
1.96997,0.709698
1.97397,0.694008
1.97798,0.7931
1.98198,1.16422
1.98599,1.52576
1.98999,1.81227
1.99399,2.00279
1.998,1.95687
2.002,1.78189
2.00601,1.60047
2.01001,1.36948
2.01401,1.21756
2.01802,1.25022
2.02202,1.38835
2.02603,1.53016
2.03003,1.68588
2.03403,1.80051
2.03804,1.73775
2.04204,1.5122
2.04605,1.27094
2.05005,0.945062
2.05405,0.745371
2.05806,0.758734
2.06206,0.852521
2.06607,0.980461
2.07007,1.2206
2.07407,1.45142
2.07808,1.45268
2.08208,1.3916
2.08609,1.29738
2.09009,1.04225
2.09409,0.851573
2.0981,0.846156
2.1021,0.875155
2.10611,0.923965
2.11011,1.09079
2.11411,1.27256
2.11812,1.26597
2.12212,1.18004
2.12613,1.05333
2.13013,0.745226
2.13413,0.524045
2.13814,0.477679
2.14214,0.455951
2.14615,0.455054
2.15015,0.606145
2.15415,0.855341
2.15816,0.945181
2.16216,0.996201
2.16617,1.00739
2.17017,0.905544
2.17417,0.804588
2.17818,0.820204
2.18218,0.921736
2.18619,1.06455
2.19019,1.33329
2.19419,1.62954
2.1982,1.71345
2.2022,1.75444
2.20621,1.75929
2.21021,1.53111
2.21421,1.223
2.21822,0.981887
2.22222,0.767754
2.22623,0.700548
2.23023,0.743638
2.23423,0.796515
2.23824,0.801822
2.24224,0.801018
2.24625,0.794925
2.25025,0.62954
2.25425,0.447558
2.25826,0.358068
2.26226,0.296138
2.26627,0.278861
2.27027,0.387977
2.27427,0.613078
2.27828,0.765422
2.28228,0.893447
2.28629,0.939625
2.29029,0.852806
2.29429,0.731256
2.2983,0.645574
2.3023,0.57062
2.30631,0.545807
2.31031,0.641376
2.31431,0.810474
2.31832,0.921669
2.32232,1.0152
2.32633,1.0488
2.33033,0.930859
2.33433,0.751715
2.33834,0.589344
2.34234,0.430551
2.34635,0.377507
2.35035,0.445824
2.35435,0.584812
2.35836,0.728529
2.36236,0.906194
2.36637,0.988593
2.37037,0.948123
2.37437,0.872317
2.37838,0.768556
2.38238,0.624657
2.38639,0.567974
2.39039,0.611821
2.39439,0.698012
2.3984,0.796543
2.4024,0.930937
2.40641,0.99565
2.41041,0.932097
2.41441,0.807572
2.41842,0.62755
2.42242,0.3837
2.42643,0.260311
2.43043,0.204956
2.43443,0.175173
2.43844,0.191145
2.44244,0.291233
2.44645,0.366749
2.45045,0.364638
2.45445,0.359563
2.45846,0.343811
2.46246,0.304464
2.46647,0.285777
2.47047,0.358664
2.47447,0.528957
2.47848,0.712314
2.48248,0.94532
2.48649,1.06717
2.49049,1.06284
2.49449,1.05145
2.4985,0.988347
2.5025,0.782383
2.50651,0.628932
2.51051,0.536126
2.51451,0.477188
2.51852,0.484774
2.52252,0.555335
2.52653,0.601
2.53053,0.584849
2.53453,0.546996
2.53854,0.463253
2.54254,0.300209
2.54655,0.222875
2.55055,0.204642
2.55455,0.194828
2.55856,0.213533
2.56256,0.339187
2.56657,0.474357
2.57057,0.518153
2.57457,0.545253
2.57858,0.522058
2.58258,0.402574
2.58659,0.310925
2.59059,0.255878
2.59459,0.220555
2.5986,0.229507
2.6026,0.309743
2.60661,0.378748
2.61061,0.387711
2.61461,0.392567
2.61862,0.361083
2.62262,0.234768
2.62663,0.17125
2.63063,0.159567
2.63463,0.153246
2.63864,0.168831
2.64264,0.290422
2.64665,0.456039
2.65065,0.545457
2.65465,0.611669
2.65866,0.606889
2.66266,0.528321
2.66667,0.460085
2.67067,0.418139
2.67467,0.388849
2.67868,0.399608
2.68268,0.497739
2.68669,0.60605
2.69069,0.666474
2.69469,0.711053
2.6987,0.699184
2.7027,0.581822
2.70671,0.44424
2.71071,0.269242
2.71471,0.150015
2.71872,0.123568
2.72272,0.114954
2.72673,0.111822
2.73073,0.130183
2.73473,0.16657
2.73874,0.166045
2.74274,0.119226
2.74675,0.0877597
2.75075,0.0756871
2.75475,0.068318
2.75876,0.0752787
2.76276,0.152743
2.76677,0.289459
2.77077,0.379671
2.77477,0.45542
2.77878,0.462184
2.78278,0.411692
2.78679,0.349159
2.79079,0.267249
2.79479,0.198778
2.7988,0.191284
2.8028,0.223384
2.80681,0.26807
2.81081,0.317172
2.81481,0.368351
2.81882,0.371884
2.82282,0.318851
2.82683,0.254776
2.83083,0.174843
2.83483,0.113707
2.83884,0.108411
2.84284,0.150275
2.84685,0.218687
2.85085,0.298259
2.85485,0.389641
2.85886,0.408443
2.86286,0.385382
2.86687,0.349042
2.87087,0.264122
2.87487,0.176958
2.87888,0.152853
2.88288,0.145521
2.88689,0.142603
2.89089,0.161913
2.89489,0.204327
2.8989,0.213123
2.9029,0.183165
2.90691,0.139585
2.91091,0.0507792
2.91491,0.0110858
2.91892,0.0086684
2.92292,0.0239533
2.92693,0.0701649
2.93093,0.129864
2.93493,0.207387
2.93894,0.228326
2.94294,0.227898
2.94695,0.227024
2.95095,0.211991
2.95495,0.186972
2.95896,0.18607
2.96296,0.238013
2.96697,0.319193
2.97097,0.403427
2.97497,0.495486
2.97898,0.516503
2.98298,0.490581
2.98699,0.447024
2.99099,0.352762
2.99499,0.230159
2.999,0.150476
3.003,0.0904791
3.00701,0.0664309
3.01101,0.0796159
3.01502,0.115746
3.01902,0.128382
3.02302,0.125411
3.02703,0.119641
3.03103,0.0818671
3.03504,0.04075
3.03904,0.0345739
3.04304,0.0486391
3.04705,0.0767567
3.05105,0.122305
3.05506,0.195552
3.05906,0.21994
3.06306,0.216897
3.06707,0.210742
3.07107,0.161806
3.07508,0.0927173
3.07908,0.0670425
3.08308,0.0557139
3.08709,0.0507186
3.09109,0.0667513
3.0951,0.12077
3.0991,0.14463
3.1031,0.143289
3.10711,0.140519
3.11111,0.112499
3.11512,0.0718597
3.11912,0.0643641
3.12312,0.0891535
3.12713,0.138396
3.13113,0.207649
3.13514,0.311687
3.13914,0.36987
3.14314,0.394707
3.14715,0.406675
3.15115,0.372219
3.15516,0.29088
3.15916,0.229691
3.16316,0.176209
3.16717,0.148449
3.17117,0.15871
3.17518,0.187311
3.17918,0.197699
3.18318,0.195835
3.18719,0.191865
3.19119,0.160456
3.1952,0.0952103
3.1992,0.045306
3.2032,0.0094061
3.20721,0.00278499
3.21121,0.00578719
3.21522,0.0390072
3.21922,0.0925136
3.22322,0.115443
3.22723,0.127965
3.23123,0.114835
3.23524,0.087761
3.23924,0.0804421
3.24324,0.0900305
3.24725,0.108613
3.25125,0.144901
3.25526,0.215393
3.25926,0.257206
3.26326,0.271501
3.26727,0.278542
3.27127,0.249805
3.27528,0.17778
3.27928,0.12416
3.28328,0.0786729
3.28729,0.0569605
3.29129,0.0667509
3.2953,0.108013
3.2993,0.147871
3.3033,0.176342
3.30731,0.194494
3.31131,0.178919
3.31532,0.136113
3.31932,0.104197
3.32332,0.077578
3.32733,0.0632952
3.33133,0.0740899
3.33534,0.119986
3.33934,0.166075
3.34334,0.200147
3.34735,0.22256
3.35135,0.210155
3.35536,0.166204
3.35936,0.116591
3.36336,0.0473195
3.36737,0.0216628
3.37137,0.0211574
3.37538,0.0232182
3.37938,0.0265394
3.38338,0.0360645
3.38739,0.0469108
3.39139,0.0358822
3.3954,0.0163215
3.3994,0.0121213
3.4034,0.0188985
3.40741,0.0373733
3.41141,0.071172
3.41542,0.142701
3.41942,0.214919
3.42342,0.268697
3.42743,0.30377
3.43143,0.295512
3.43544,0.259761
3.43944,0.221127
3.44344,0.168431
3.44745,0.134699
3.45145,0.136548
3.45546,0.15163
3.45946,0.168859
3.46346,0.190946
3.46747,0.20909
3.47147,0.199919
3.47548,0.161137
3.47948,0.114574
3.48348,0.0413664
3.48749,0.0158225
3.49149,0.0153824
3.4955,0.0188393
3.4995,0.0248985
3.5035,0.0446326
3.50751,0.0749567
3.51151,0.0755807
3.51552,0.0651024
3.51952,0.0519133
3.52352,0.02814
3.52753,0.0157754
3.53153,0.0181722
3.53554,0.0352453
3.53954,0.0584473
3.54354,0.0794437
3.54755,0.0961632
3.55155,0.0918478
3.55556,0.0696351
3.55956,0.0443692
3.56356,0.00965912
3.56757,0.00210106
3.57157,0.00308951
3.57558,0.0192091
3.57958,0.0624453
3.58358,0.0966788
3.58759,0.123425
3.59159,0.122553
3.5956,0.10981
3.5996,0.0964011
3.6036,0.0798704
3.60761,0.0681783
3.61161,0.07426
3.61562,0.109101
3.61962,0.153128
3.62362,0.198465
3.62763,0.23725
3.63163,0.237123
3.63564,0.217905
3.63964,0.190607
3.64364,0.136691
3.64765,0.081628
3.65165,0.0400134
3.65566,0.0144855
3.65966,0.0093936
3.66366,0.0129073
3.66767,0.0190605
3.67167,0.018331
3.67568,0.0130486
3.67968,0.00972193
3.68368,0.00791971
3.68769,0.00688594
3.69169,0.00930746
3.6957,0.0316985
3.6997,0.0754068
3.7037,0.1063
3.70771,0.130108
3.71171,0.129359
3.71572,0.113886
3.71972,0.0947104
3.72372,0.0615415
3.72773,0.0398274
3.73173,0.0396729
3.73574,0.049735
3.73974,0.0637817
3.74374,0.0844669
3.74775,0.106426
3.75175,0.10613
3.75576,0.0900296
3.75976,0.0692388
3.76376,0.0289409
3.76777,0.0110447
3.77177,0.0112897
3.77578,0.0222635
3.77978,0.042884
3.78378,0.0730507
3.78779,0.10859
3.79179,0.113265
3.7958,0.109131
3.7998,0.102118
3.8038,0.0700972
3.80781,0.0420309
3.81181,0.0337305
3.81582,0.029614
3.81982,0.0282757
3.82382,0.0375214
3.82783,0.0551664
3.83183,0.0571324
3.83584,0.0498469
3.83984,0.0400485
3.84384,0.0193025
3.84785,0.00831691
3.85185,0.00870676
3.85586,0.0197961
3.85986,0.0414074
3.86386,0.0655951
3.86787,0.0905128
3.87187,0.0936443
3.87588,0.0894108
3.87988,0.0840972
3.88388,0.0760971
3.88789,0.068944
3.89189,0.0725222
3.8959,0.10122
3.8999,0.140542
3.9039,0.180027
3.90791,0.217117
3.91191,0.220468
3.91592,0.204982
3.91992,0.181862
3.92392,0.132726
3.92793,0.0805576
3.93193,0.0469417
3.93594,0.0237658
3.93994,0.0169389
3.94394,0.0243389
3.94795,0.0416345
3.95195,0.0455908
3.95596,0.0439503
3.95996,0.0410231
3.96396,0.0183111
3.96797,0.00582292
3.97197,0.00541156
3.97598,0.0114737
3.97998,0.0248033
3.98398,0.0447931
3.98799,0.0711349
3.99199,0.075462
3.996,0.0694532
4,0.0631542
