# 20251205_151412
qT,primespec
0,110594
0.004004,109715
0.00800801,108764
0.012012,107180
0.016016,104387
0.02002,100995
0.024024,97072.4
0.028028,92499
0.032032,87615.2
0.036036,82274.1
0.04004,76712.9
0.044044,70998
0.048048,65167.2
0.0520521,59410.3
0.0560561,53705.1
0.0600601,48198
0.0640641,42932.5
0.0680681,37943.6
0.0720721,33323.6
0.0760761,29044.2
0.0800801,25175.7
0.0840841,21702.6
0.0880881,18619.3
0.0920921,15952.8
0.0960961,13628.5
0.1001,11677.2
0.104104,10042.4
0.108108,8684.11
0.112112,7614.23
0.116116,6737.45
0.12012,6066.72
0.124124,5560.73
0.128128,5168.04
0.132132,4899.99
0.136136,4699.93
0.14014,4560.63
0.144144,4471.45
0.148148,4405.64
0.152152,4353.11
0.156156,4313.07
0.16016,4271.47
0.164164,4220.42
0.168168,4161.72
0.172172,4090.45
0.176176,4001.04
0.18018,3898.36
0.184184,3781.23
0.188188,3649.05
0.192192,3510.02
0.196196,3360.63
0.2002,3209.31
0.204204,3058.8
0.208208,2910.28
0.212212,2772.48
0.216216,2642.23
0.22022,2525.48
0.224224,2423.62
0.228228,2333.52
0.232232,2258.13
0.236236,2194.29
0.24024,2138.44
0.244244,2089.85
0.248248,2046.14
0.252252,2001.8
0.256256,1957.83
0.26026,1912.03
0.264264,1862.04
0.268268,1809.11
0.272272,1754.74
0.276276,1697.82
0.28028,1642.3
0.284284,1589.53
0.288288,1539.54
0.292292,1496.42
0.296296,1458.34
0.3003,1425.81
0.304304,1399.54
0.308308,1377.02
0.312312,1355.67
0.316316,1336.27
0.32032,1315.87
0.324324,1292.07
0.328328,1265.52
0.332332,1235.87
0.336336,1201.74
0.34034,1165.93
0.344344,1129.36
0.348348,1092.42
0.352352,1059.23
0.356356,1028.45
0.36036,1002.27
0.364364,981.883
0.368368,964.934
0.372372,951.248
0.376376,940.694
0.38038,930.291
0.384384,918.285
0.388388,905.1
0.392392,889.108
0.396396,868.763
0.4004,845.965
0.404404,821.12
0.408408,794.398
0.412412,769.548
0.416416,745.503
0.42042,724.936
0.424424,709.15
0.428428,696.205
0.432432,687.5
0.436436,681.89
0.44044,676.885
0.444444,671.463
0.448448,665.844
0.452452,658.182
0.456456,646.694
0.46046,632.822
0.464464,616.818
0.468468,598.487
0.472472,581.119
0.476476,563.882
0.48048,549.143
0.484484,538.18
0.488488,529.321
0.492492,524.181
0.496496,521.455
0.500501,519.068
0.504505,516.181
0.508509,512.983
0.512513,508.23
0.516517,499.775
0.520521,489.04
0.524525,476.615
0.528529,462.052
0.532533,448.349
0.536537,434.866
0.540541,423.404
0.544545,415.19
0.548549,408.644
0.552553,404.527
0.556557,402.237
0.560561,400.071
0.564565,396.962
0.568569,393.045
0.572573,387.751
0.576577,379.46
0.580581,369.547
0.584585,358.855
0.588589,347.16
0.592593,337.098
0.596597,327.905
0.600601,320.961
0.604605,317.233
0.608609,314.637
0.612613,313.401
0.616617,312.973
0.620621,312.518
0.624625,310.886
0.628629,307.294
0.632633,302.735
0.636637,295.951
0.640641,288.261
0.644645,280.846
0.648649,273.434
0.652653,268.319
0.656657,264.431
0.660661,262.192
0.664665,262.22
0.668669,262.582
0.672673,262.688
0.676677,262.003
0.680681,260.656
0.684685,257.858
0.688689,252.296
0.692693,246.132
0.696697,238.807
0.700701,231.569
0.704705,225.654
0.708709,220.432
0.712713,217.462
0.716717,216.001
0.720721,214.93
0.724725,213.99
0.728729,213.211
0.732733,211.868
0.736737,208.424
0.740741,203.575
0.744745,197.891
0.748749,190.904
0.752753,184.678
0.756757,178.706
0.760761,174.283
0.764765,172.582
0.768769,171.532
0.772773,171.275
0.776777,172.089
0.780781,172.964
0.784785,172.583
0.788789,170.811
0.792793,168.365
0.796797,163.95
0.800801,158.677
0.804805,153.801
0.808809,148.943
0.812813,146.707
0.816817,146.009
0.820821,145.658
0.824825,146.47
0.828829,149.024
0.832833,150.152
0.836837,150.069
0.840841,149.873
0.844845,148.476
0.848849,144.031
0.852853,139.273
0.856857,134.001
0.860861,129.247
0.864865,126.385
0.868869,124.204
0.872873,123.524
0.876877,124.382
0.880881,125.365
0.884885,125.41
0.888889,125.166
0.892893,124.688
0.896897,121.878
0.900901,117.519
0.904905,113.094
0.908909,108.067
0.912913,104.512
0.916917,102.024
0.920921,100.485
0.924925,100.701
0.928929,101.981
0.932933,103.023
0.936937,103.698
0.940941,104.136
0.944945,103.543
0.948949,100.934
0.952953,97.9448
0.956957,94.226
0.960961,90.8421
0.964965,89.2941
0.968969,88.2794
0.972973,87.9724
0.976977,89.4073
0.980981,91.5861
0.984985,92.9455
0.988989,94.0621
0.992993,94.4506
0.996997,92.9404
1.001,90.2187
1.00501,87.1854
1.00901,83.3407
1.01301,80.5673
1.01702,78.7318
1.02102,77.5693
1.02503,77.7644
1.02903,78.957
1.03303,79.6959
1.03704,79.8556
1.04104,79.9406
1.04505,79.3139
1.04905,76.4702
1.05305,73.238
1.05706,69.5436
1.06106,66.0958
1.06507,64.1889
1.06907,62.8099
1.07307,62.3205
1.07708,63.1652
1.08108,64.4111
1.08509,64.9434
1.08909,65.2632
1.09309,65.3657
1.0971,64.0281
1.1011,61.6774
1.10511,59.4106
1.10911,56.8265
1.11311,55.7117
1.11712,55.7465
1.12112,55.8363
1.12513,56.381
1.12913,58.293
1.13313,59.6059
1.13714,59.9602
1.14114,60.1598
1.14515,59.7723
1.14915,57.8171
1.15315,55.7592
1.15716,53.6975
1.16116,52.0542
1.16517,51.8584
1.16917,51.9806
1.17317,52.1774
1.17718,52.8359
1.18118,53.6053
1.18519,53.5331
1.18919,52.4826
1.19319,51.0315
1.1972,48.7126
1.2012,45.9863
1.20521,43.9199
1.20921,42.0546
1.21321,41.2652
1.21722,41.5153
1.22122,42.002
1.22523,42.4977
1.22923,43.1072
1.23323,43.4035
1.23724,42.7003
1.24124,41.2942
1.24525,39.7073
1.24925,37.5852
1.25325,36.4662
1.25726,36.3408
1.26126,36.2756
1.26527,36.5834
1.26927,38.2664
1.27327,39.8455
1.27728,40.7562
1.28128,41.4006
1.28529,41.2749
1.28929,40.0228
1.29329,38.5588
1.2973,36.8802
1.3013,35.4035
1.30531,35.1921
1.30931,35.365
1.31331,35.6476
1.31732,36.5548
1.32132,37.7082
1.32533,37.8583
1.32933,37.4249
1.33333,36.7296
1.33734,35.0845
1.34134,32.7543
1.34535,30.8497
1.34935,28.9951
1.35335,28.1253
1.35736,28.218
1.36136,28.4365
1.36537,28.7582
1.36937,29.3529
1.37337,29.7029
1.37738,29.259
1.38138,28.2845
1.38539,27.1372
1.38939,25.4846
1.39339,24.5816
1.3974,24.5538
1.4014,24.5397
1.40541,24.7486
1.40941,26.0792
1.41341,27.3851
1.41742,28.0624
1.42142,28.5458
1.42543,28.4831
1.42943,27.5254
1.43343,26.4173
1.43744,25.3305
1.44144,24.3762
1.44545,24.2458
1.44945,24.5899
1.45345,25.072
1.45746,25.7968
1.46146,26.5919
1.46547,26.6899
1.46947,26.1744
1.47347,25.3965
1.47748,24.0729
1.48148,22.3886
1.48549,21.2392
1.48949,20.303
1.49349,19.8542
1.4975,20.1003
1.5015,20.592
1.50551,20.8666
1.50951,21.0376
1.51351,21.1172
1.51752,20.6185
1.52152,19.5444
1.52553,18.6106
1.52953,17.6283
1.53353,17.1029
1.53754,17.2859
1.54154,17.7572
1.54555,18.3545
1.54955,19.3431
1.55355,19.9837
1.55756,19.9016
1.56156,19.6543
1.56557,19.2097
1.56957,18.0863
1.57357,17.1699
1.57758,16.8252
1.58158,16.6027
1.58559,16.6587
1.58959,17.4432
1.59359,18.2506
1.5976,18.6123
1.6016,18.867
1.60561,18.8114
1.60961,17.9061
1.61361,16.794
1.61762,15.7015
1.62162,14.6924
1.62563,14.4896
1.62963,14.6945
1.63363,15.0236
1.63764,15.6605
1.64164,16.5144
1.64565,16.7164
1.64965,16.5066
1.65365,16.1488
1.65766,15.3346
1.66166,14.1408
1.66567,13.4449
1.66967,12.9918
1.67367,12.7678
1.67768,13.0764
1.68168,13.7977
1.68569,14.2326
1.68969,14.4933
1.69369,14.6252
1.6977,14.225
1.7017,13.2383
1.70571,12.3304
1.70971,11.3243
1.71371,10.7375
1.71772,10.8192
1.72172,11.0942
1.72573,11.4781
1.72973,12.2408
1.73373,12.812
1.73774,12.771
1.74174,12.5979
1.74575,12.2941
1.74975,11.4558
1.75375,10.8472
1.75776,10.8349
1.76176,10.8463
1.76577,10.9336
1.76977,11.7022
1.77377,12.5795
1.77778,12.9841
1.78178,13.2753
1.78579,13.2894
1.78979,12.66
1.79379,11.8354
1.7978,11.0348
1.8018,10.2572
1.80581,10.057
1.80981,10.0916
1.81381,10.152
1.81782,10.2828
1.82182,10.48
1.82583,10.5054
1.82983,10.0529
1.83383,9.40188
1.83784,8.62377
1.84184,7.77745
1.84585,7.50394
1.84985,7.46243
1.85385,7.44458
1.85786,7.68855
1.86186,8.31776
1.86587,8.63511
1.86987,8.73835
1.87387,8.78785
1.87788,8.5819
1.88188,8.10959
1.88589,7.95696
1.88989,8.0083
1.89389,8.11168
1.8979,8.4746
1.9019,9.25573
1.90591,9.82192
1.90991,10.2088
1.91391,10.4321
1.91792,10.2371
1.92192,9.63517
1.92593,9.02821
1.92993,8.28864
1.93393,7.80163
1.93794,7.78846
1.94194,7.81965
1.94595,7.87411
1.94995,8.05248
1.95395,8.21033
1.95796,8.0595
1.96196,7.55773
1.96597,6.99492
1.96997,6.18282
1.97397,5.62901
1.97798,5.60407
1.98198,5.61475
1.98599,5.66184
1.98999,6.17699
1.99399,6.77615
1.998,6.92436
2.002,7.00176
2.00601,6.99375
2.01001,6.52113
2.01401,5.99474
2.01802,5.77561
2.02202,5.62816
2.02603,5.60844
2.03003,6.02465
2.03403,6.61079
2.03804,6.9855
2.04204,7.3031
2.04605,7.38453
2.05005,7.0306
2.05405,6.5088
2.05806,5.97684
2.06206,5.41003
2.06607,5.23284
2.07007,5.35032
2.07407,5.56046
2.07808,5.88821
2.08208,6.38431
2.08609,6.57244
2.09009,6.48302
2.09409,6.31331
2.0981,5.96261
2.1021,5.3902
2.10611,5.1575
2.11011,5.12846
2.11411,5.11494
2.11812,5.27174
2.12212,5.76029
2.12613,5.97959
2.13013,5.96955
2.13413,5.94607
2.13814,5.72606
2.14214,5.09852
2.14615,4.58637
2.15015,4.16251
2.15415,3.89288
2.15816,3.93354
2.16216,4.14904
2.16617,4.35041
2.17017,4.52988
2.17417,4.65649
2.17818,4.57543
2.18218,4.26498
2.18619,3.99519
2.19019,3.76247
2.19419,3.60678
2.1982,3.68637
2.2022,4.05057
2.20621,4.46017
2.21021,4.95431
2.21421,5.36111
2.21822,5.38528
2.22222,5.33009
2.22623,5.24012
2.23023,4.93452
2.23423,4.64498
2.23824,4.6351
2.24224,4.71077
2.24625,4.82057
2.25025,5.07992
2.25425,5.33595
2.25826,5.31442
2.26226,5.10561
2.26627,4.81513
2.27027,4.24975
2.27427,3.65889
2.27828,3.28865
2.28228,2.99687
2.28629,2.90091
2.29029,3.05294
2.29429,3.2766
2.2983,3.38458
2.3023,3.45864
2.30631,3.47931
2.31031,3.24774
2.31431,2.96694
2.31832,2.8854
2.32232,2.8461
2.32633,2.83849
2.33033,3.12587
2.33433,3.62222
2.33834,3.99111
2.34234,4.3348
2.34635,4.4698
2.35035,4.32794
2.35435,4.07807
2.35836,3.79485
2.36236,3.44062
2.36637,3.29679
2.37037,3.36163
2.37437,3.48803
2.37838,3.65714
2.38238,3.91419
2.38639,4.03431
2.39039,3.91992
2.39439,3.70117
2.3984,3.40031
2.4024,2.9649
2.40641,2.78024
2.41041,2.79494
2.41441,2.83072
2.41842,2.96091
2.42242,3.3483
2.42643,3.57042
2.43043,3.57229
2.43443,3.57319
2.43844,3.47475
2.44244,3.07093
2.44645,2.74931
2.45045,2.55066
2.45445,2.42009
2.45846,2.45178
2.46246,2.66302
2.46647,2.82642
2.47047,2.88436
2.47447,2.91898
2.47848,2.85082
2.48248,2.53626
2.48649,2.26597
2.49049,2.07601
2.49449,1.94511
2.4985,1.9758
2.5025,2.21983
2.50651,2.49807
2.51051,2.76526
2.51451,2.99237
2.51852,3.00336
2.52252,2.89768
2.52653,2.77943
2.53053,2.64656
2.53453,2.53533
2.53854,2.56139
2.54254,2.78738
2.54655,3.05783
2.55055,3.35407
2.55455,3.62244
2.55856,3.63964
2.56256,3.50345
2.56657,3.30991
2.57057,2.95002
2.57457,2.5542
2.57858,2.34028
2.58258,2.18994
2.58659,2.13007
2.59059,2.18769
2.59459,2.27476
2.5986,2.27136
2.6026,2.15859
2.60661,2.00408
2.61061,1.71457
2.61461,1.44469
2.61862,1.40627
2.62262,1.42485
2.62663,1.45884
2.63063,1.66643
2.63463,2.03947
2.63864,2.26363
2.64264,2.42148
2.64665,2.49045
2.65065,2.37799
2.65465,2.19531
2.65866,2.10561
2.66266,2.04966
2.66667,2.02638
2.67067,2.15857
2.67467,2.40933
2.67868,2.54635
2.68268,2.6345
2.68669,2.67274
2.69069,2.51504
2.69469,2.21835
2.6987,1.96617
2.7027,1.70657
2.70671,1.58519
2.71071,1.64322
2.71471,1.77304
2.71872,1.91304
2.72272,2.09939
2.72673,2.20609
2.73073,2.14202
2.73473,2.00109
2.73874,1.83547
2.74274,1.59992
2.74675,1.47808
2.75075,1.50783
2.75475,1.58074
2.75876,1.68153
2.76276,1.86261
2.76677,1.97819
2.77077,1.92769
2.77477,1.80511
2.77878,1.63068
2.78278,1.32958
2.78679,1.14875
2.79079,1.11003
2.79479,1.08811
2.7988,1.11094
2.8028,1.29315
2.80681,1.4618
2.81081,1.49822
2.81481,1.51971
2.81882,1.50245
2.82282,1.37662
2.82683,1.29214
2.83083,1.33099
2.83483,1.43471
2.83884,1.58405
2.84284,1.87199
2.84685,2.12757
2.85085,2.22907
2.85485,2.29562
2.85886,2.27733
2.86286,2.0603
2.86687,1.82692
2.87087,1.63652
2.87487,1.48144
2.87888,1.46095
2.88288,1.53169
2.88689,1.58729
2.89089,1.58765
2.89489,1.58731
2.8989,1.55755
2.9029,1.33592
2.90691,1.09525
2.91091,0.882757
2.91491,0.713363
2.91892,0.688451
2.92292,0.760655
2.92693,0.864864
2.93093,0.989096
2.93493,1.12789
2.93894,1.15603
2.94294,1.10699
2.94695,1.04696
2.95095,0.989006
2.95495,0.93561
2.95896,0.938048
2.96296,1.07232
2.96697,1.25859
2.97097,1.43259
2.97497,1.60607
2.97898,1.64048
2.98298,1.56592
2.98699,1.45396
2.99099,1.26221
2.99499,1.05042
2.999,1.0025
3.003,1.00752
3.00701,1.01762
3.01101,1.09996
3.01502,1.2659
3.01902,1.31464
3.02302,1.29598
3.02703,1.26217
3.03103,1.14715
3.03504,0.982962
3.03904,0.942514
3.04304,0.952336
3.04705,0.971412
3.05105,1.06069
3.05506,1.23282
3.05906,1.28579
3.06306,1.27232
3.06707,1.24589
3.07107,1.12416
3.07508,0.907584
3.07908,0.764874
3.08308,0.656346
3.08709,0.600771
3.09109,0.636748
3.0951,0.728165
3.0991,0.770955
3.1031,0.783695
3.10711,0.789493
3.11111,0.722629
3.11512,0.595766
3.11912,0.562193
3.12312,0.57824
3.12713,0.609832
3.13113,0.713574
3.13514,0.949761
3.13914,1.14678
3.14314,1.30266
3.14715,1.39569
3.15115,1.3643
3.15516,1.27358
3.15916,1.19011
3.16316,1.09936
3.16717,1.0437
3.17117,1.07587
3.17518,1.16712
3.17918,1.23121
3.18318,1.27346
3.18719,1.29718
3.19119,1.22959
3.1952,1.04255
3.1992,0.856201
3.2032,0.627868
3.20721,0.501545
3.21121,0.500787
3.21522,0.513719
3.21922,0.53816
3.22322,0.629189
3.22723,0.71817
3.23123,0.70928
3.23524,0.669104
3.23924,0.621019
3.24324,0.543821
3.24725,0.491587
3.25125,0.516072
3.25526,0.604554
3.25926,0.706125
3.26326,0.842057
3.26727,0.948826
3.27127,0.941679
3.27528,0.899519
3.27928,0.837923
3.28328,0.697499
3.28729,0.598253
3.29129,0.600334
3.2953,0.62515
3.2993,0.665837
3.3033,0.786375
3.30731,0.905507
3.31131,0.910126
3.31532,0.901088
3.31932,0.879809
3.32332,0.763499
3.32733,0.66776
3.33133,0.668984
3.33534,0.693581
3.33934,0.735157
3.34334,0.86946
3.34735,1.01299
3.35135,1.03477
3.35536,1.04284
3.35936,1.03749
3.36336,0.901996
3.36737,0.738748
3.37137,0.625475
3.37538,0.531502
3.37938,0.506123
3.38338,0.541582
3.38739,0.580764
3.39139,0.580734
3.3954,0.568902
3.3994,0.54454
3.4034,0.425684
3.40741,0.32265
3.41141,0.291108
3.41542,0.272966
3.41942,0.271558
3.42342,0.365147
3.42743,0.536029
3.43143,0.656132
3.43544,0.76421
3.43944,0.799521
3.44344,0.767425
3.44745,0.728403
3.45145,0.710973
3.45546,0.69899
3.45946,0.698466
3.46346,0.782339
3.46747,0.907601
3.47147,0.9786
3.47548,1.03433
3.47948,1.04916
3.48348,0.954992
3.48749,0.812835
3.49149,0.661943
3.4955,0.504537
3.4995,0.454967
3.5035,0.458815
3.50751,0.467148
3.51151,0.494159
3.51552,0.557759
3.51952,0.586124
3.52352,0.548482
3.52753,0.488118
3.53153,0.419234
3.53554,0.340721
3.53954,0.314771
3.54354,0.347557
3.54755,0.407941
3.55155,0.476688
3.55556,0.567193
3.55956,0.605231
3.56356,0.576471
3.56757,0.524156
3.57157,0.442496
3.57558,0.331747
3.57958,0.293623
3.58358,0.302854
3.58759,0.322398
3.59159,0.364518
3.5956,0.456048
3.5996,0.502894
3.6036,0.495824
3.60761,0.481055
3.61161,0.446877
3.61562,0.383426
3.61962,0.358388
3.62362,0.395975
3.62763,0.47081
3.63163,0.567217
3.63564,0.71249
3.63964,0.789895
3.64364,0.799207
3.64765,0.803782
3.65165,0.768948
3.65566,0.643722
3.65966,0.548148
3.66366,0.483478
3.66767,0.442627
3.67167,0.449089
3.67568,0.488611
3.67968,0.509704
3.68368,0.49414
3.68769,0.460824
3.69169,0.394156
3.6957,0.274593
3.6997,0.19652
3.7037,0.146839
3.70771,0.118811
3.71171,0.129188
3.71572,0.1986
3.71972,0.277159
3.72372,0.327911
3.72773,0.364455
3.73173,0.358707
3.73574,0.323483
3.73974,0.306323
3.74374,0.31597
3.74775,0.337866
3.75175,0.381057
3.75576,0.481091
3.75976,0.561052
3.76376,0.594272
3.76777,0.614415
3.77177,0.593394
3.77578,0.495475
3.77978,0.405545
3.78378,0.32399
3.78779,0.26868
3.79179,0.270669
3.7958,0.312242
3.7998,0.358288
3.8038,0.39953
3.80781,0.433218
3.81181,0.425669
3.81582,0.371962
3.81982,0.320675
3.82382,0.273875
3.82783,0.240213
3.83183,0.245587
3.83584,0.296009
3.83984,0.351699
3.84384,0.395808
3.84785,0.430809
3.85185,0.423003
3.85586,0.360495
3.85986,0.290699
3.86386,0.200156
3.86787,0.137968
3.87187,0.13315
3.87588,0.148226
3.87988,0.169733
3.88388,0.206071
3.88789,0.247587
3.89189,0.248903
3.8959,0.222344
3.8999,0.199182
3.9039,0.183691
3.90791,0.172869
3.91191,0.18306
3.91592,0.257265
3.91992,0.357748
3.92392,0.451755
3.92793,0.537507
3.93193,0.548346
3.93594,0.530528
3.93994,0.504035
3.94394,0.439746
3.94795,0.375137
3.95195,0.367011
3.95596,0.378901
3.95996,0.396603
3.96396,0.433392
3.96797,0.477102
3.97197,0.477643
3.97598,0.432121
3.97998,0.370516
3.98398,0.266654
3.98799,0.174135
3.99199,0.137736
3.996,0.120196
4,0.105914
