# 20260616_113324
qT,primespec
0,59431.9
0.004004,58882.4
0.00800801,58289.2
0.012012,57303.1
0.016016,55571.1
0.02002,53479.5
0.024024,51077.6
0.028028,48299.7
0.032032,45361
0.036036,42181.4
0.04004,38908.3
0.044044,35587.3
0.048048,32244.2
0.0520521,28988.9
0.0560561,25812
0.0600601,22790.3
0.0640641,19946.9
0.0680681,17296.7
0.0720721,14879.9
0.0760761,12680.4
0.0800801,10725.3
0.0840841,8999.74
0.0880881,7498.91
0.0920921,6228.91
0.0960961,5144.68
0.1001,4268.95
0.104104,3557.53
0.108108,2993.8
0.112112,2593.06
0.116116,2278.74
0.12012,2081.93
0.124124,1972.55
0.128128,1901.65
0.132132,1892.09
0.136136,1909.4
0.14014,1932.36
0.144144,1961.47
0.148148,1991.3
0.152152,1995.96
0.156156,1983.54
0.16016,1962.78
0.164164,1919.27
0.168168,1848.02
0.172172,1771.64
0.176176,1682.58
0.18018,1592.3
0.184184,1505.91
0.188188,1423.08
0.192192,1352.23
0.196196,1290.23
0.2002,1236.77
0.204204,1192.78
0.208208,1154.19
0.212212,1115.61
0.216216,1078.39
0.22022,1038.91
0.224224,993.829
0.228228,944.879
0.232232,893.926
0.236236,839.365
0.24024,787.431
0.244244,739.484
0.248248,695.985
0.252252,663.155
0.256256,636.663
0.26026,617.429
0.264264,605.991
0.268268,597.489
0.272272,588.149
0.276276,578.717
0.28028,567.238
0.284284,550.108
0.288288,527.71
0.292292,503.431
0.296296,475.293
0.3003,448.653
0.304304,425.06
0.308308,404.458
0.312312,392.528
0.316316,384.304
0.32032,380.329
0.324324,380.513
0.328328,380.984
0.332332,380.663
0.336336,375.925
0.34034,368.245
0.344344,356.274
0.348348,338.565
0.352352,320.485
0.356356,300.424
0.36036,282.965
0.364364,269.501
0.368368,258.744
0.372372,255.166
0.376376,254.284
0.38038,253.613
0.384384,252.882
0.388388,252.117
0.392392,250.11
0.396396,241.8
0.4004,230.252
0.404404,216.742
0.408408,200.812
0.412412,187.216
0.416416,174.183
0.42042,165.736
0.424424,163.101
0.428428,161.529
0.432432,161.423
0.436436,163.707
0.44044,165.717
0.444444,164.528
0.448448,160.697
0.452452,155.476
0.456456,146.123
0.46046,135.969
0.464464,126.515
0.468468,117.886
0.472472,115.121
0.476476,114.572
0.48048,114.337
0.484484,116.416
0.488488,121.249
0.492492,122.834
0.496496,122.48
0.500501,121.752
0.504505,118.342
0.508509,110.685
0.512513,103.417
0.516517,95.5431
0.520521,90.0112
0.524525,88.3371
0.528529,87.3507
0.532533,87.3426
0.536537,90.0567
0.540541,92.6382
0.544545,92.4446
0.548549,91.3572
0.552553,89.4573
0.556557,83.6879
0.560561,76.5726
0.564565,69.7903
0.568569,63.1587
0.572573,59.9981
0.576577,58.5159
0.580581,57.7859
0.584585,58.7342
0.588589,61.191
0.592593,62.058
0.596597,61.5046
0.600601,60.4309
0.604605,57.7653
0.608609,52.7374
0.612613,48.3982
0.616617,44.1375
0.620621,41.5168
0.624625,41.757
0.628629,43.0005
0.632633,44.6926
0.636637,48.0617
0.640641,50.9087
0.644645,50.9971
0.648649,50.7287
0.652653,50.1233
0.656657,46.8057
0.660661,42.8153
0.664665,39.9486
0.668669,37.4764
0.672673,36.8022
0.676677,37.8034
0.680681,39.3482
0.684685,40.9424
0.688689,42.7381
0.692693,43.276
0.696697,41.8694
0.700701,39.48
0.704705,36.1996
0.708709,31.7382
0.712713,28.4265
0.716717,25.7475
0.720721,24.16
0.724725,24.4043
0.728729,25.5016
0.732733,26.4886
0.736737,27.3689
0.740741,27.9642
0.744745,27.3926
0.748749,25.3338
0.752753,23.1286
0.756757,20.2226
0.760761,18.2015
0.764765,18.1277
0.768769,18.3777
0.772773,18.841
0.776777,20.8595
0.780781,23.3705
0.784785,24.4429
0.788789,25.1515
0.792793,25.305
0.796797,23.8067
0.800801,21.6674
0.804805,19.8366
0.808809,18.0455
0.812813,17.4644
0.816817,17.9268
0.820821,18.7344
0.824825,19.7608
0.828829,21.1552
0.832833,21.6887
0.836837,21.0662
0.840841,19.9109
0.844845,18.141
0.848849,15.4669
0.852853,13.5149
0.856857,12.0491
0.860861,11.1593
0.864865,11.3472
0.868869,12.3033
0.872873,13.198
0.876877,13.9518
0.880881,14.4854
0.884885,14.2186
0.888889,13.0498
0.892893,11.8155
0.896897,10.288
0.900901,9.18578
0.904905,9.19801
0.908909,9.66658
0.912913,10.3341
0.916917,11.7637
0.920921,13.2493
0.924925,13.4585
0.928929,13.4958
0.932933,13.4775
0.936937,12.2613
0.940941,10.5841
0.944945,9.43776
0.948949,8.45249
0.952953,8.11633
0.956957,8.54507
0.960961,9.25803
0.964965,9.83628
0.968969,10.414
0.972973,10.6308
0.976977,9.98549
0.980981,8.88469
0.984985,7.60454
0.988989,6.07236
0.992993,5.50806
0.996997,5.5493
1.001,5.64832
1.00501,6.04724
1.00901,7.30053
1.01301,8.27314
1.01702,8.66539
1.02102,8.89823
1.02503,8.67603
1.02903,7.72919
1.03303,6.94389
1.03704,6.37559
1.04104,5.99612
1.04505,6.11495
1.04905,6.83832
1.05305,7.59979
1.05706,8.28327
1.06106,8.82041
1.06507,8.73193
1.06907,8.01905
1.07307,7.12991
1.07708,5.79436
1.08108,4.59012
1.08509,4.02122
1.08909,3.64649
1.09309,3.51913
1.0971,3.91108
1.1011,4.49675
1.10511,4.60018
1.10911,4.61094
1.11311,4.60931
1.11712,4.02784
1.12112,3.28322
1.12513,2.97771
1.12913,2.79449
1.13313,2.7317
1.13714,3.21003
1.14114,4.18337
1.14515,4.97923
1.14915,5.76189
1.15315,6.11695
1.15716,5.92568
1.16116,5.5404
1.16517,5.0052
1.16917,4.20181
1.17317,3.84591
1.17718,3.88521
1.18118,3.98048
1.18519,4.21532
1.18919,4.84627
1.19319,5.22836
1.1972,5.15517
1.2012,4.97694
1.20521,4.57998
1.20921,3.63781
1.21321,2.83074
1.21722,2.15735
1.22122,1.71556
1.22523,1.70769
1.22923,1.98176
1.23323,2.31003
1.23724,2.6292
1.24124,2.91152
1.24525,2.89566
1.24925,2.58465
1.25325,2.24896
1.25726,1.88301
1.26126,1.59773
1.26527,1.61178
1.26927,1.95293
1.27327,2.42643
1.27728,3.03085
1.28128,3.66954
1.28529,3.77431
1.28929,3.72354
1.29329,3.63308
1.2973,3.14424
1.3013,2.48499
1.30531,2.108
1.30931,1.83104
1.31331,1.71762
1.31732,1.90221
1.32132,2.25889
1.32533,2.44249
1.32933,2.55135
1.33333,2.59701
1.33734,2.31913
1.34134,1.84112
1.34535,1.47246
1.34935,1.131
1.35335,0.987318
1.35736,1.1411
1.36136,1.51665
1.36537,1.91418
1.36937,2.41326
1.37337,2.70665
1.37738,2.66304
1.38138,2.55254
1.38539,2.33795
1.38939,1.86437
1.39339,1.6134
1.3974,1.60415
1.4014,1.59944
1.40541,1.65243
1.40941,1.99667
1.41341,2.2725
1.41742,2.25638
1.42142,2.20885
1.42543,2.06549
1.42943,1.56694
1.43343,1.10876
1.43744,0.725083
1.44144,0.479226
1.44545,0.46273
1.44945,0.62523
1.45345,0.859916
1.45746,1.07634
1.46146,1.28627
1.46547,1.3094
1.46947,1.17896
1.47347,1.04432
1.47748,0.938458
1.48148,0.854908
1.48549,0.874101
1.48949,1.1629
1.49349,1.59557
1.4975,2.03202
1.5015,2.48295
1.50551,2.57634
1.50951,2.52766
1.51351,2.44037
1.51752,2.11776
1.52152,1.64448
1.52553,1.34297
1.52953,1.10916
1.53353,1.00258
1.53754,1.08741
1.54154,1.26431
1.54555,1.32556
1.54955,1.33795
1.55355,1.34284
1.55756,1.1667
1.56156,0.831244
1.56557,0.577036
1.56957,0.352997
1.57357,0.26261
1.57758,0.330883
1.58158,0.54825
1.58559,0.780542
1.58959,1.03407
1.59359,1.19678
1.5976,1.15985
1.6016,1.06116
1.60561,0.933614
1.60961,0.72454
1.61361,0.6107
1.61762,0.65438
1.62162,0.781903
1.62563,0.944207
1.62963,1.21128
1.63363,1.41304
1.63764,1.39692
1.64164,1.33807
1.64565,1.22075
1.64965,0.890336
1.65365,0.633652
1.65766,0.499419
1.66166,0.41111
1.66567,0.408756
1.66967,0.570956
1.67367,0.800195
1.67768,0.918416
1.68168,1.00911
1.68569,1.01027
1.68969,0.843966
1.69369,0.679167
1.6977,0.57472
1.7017,0.496475
1.70571,0.494766
1.70971,0.671941
1.71371,0.956649
1.71772,1.20125
1.72172,1.44592
1.72573,1.50289
1.72973,1.41681
1.73373,1.27798
1.73774,1.02733
1.74174,0.724037
1.74575,0.562886
1.74975,0.461311
1.75375,0.413441
1.75776,0.46016
1.76176,0.582184
1.76577,0.623839
1.76977,0.600232
1.77377,0.556324
1.77778,0.389519
1.78178,0.201635
1.78579,0.157293
1.78979,0.149988
1.79379,0.146931
1.7978,0.204144
1.8018,0.44802
1.80581,0.688609
1.80981,0.845155
1.81381,0.93645
1.81782,0.895692
1.82182,0.788004
1.82583,0.702987
1.82983,0.626511
1.83383,0.582899
1.83784,0.637627
1.84184,0.81464
1.84585,0.989906
1.84985,1.16749
1.85385,1.28859
1.85786,1.25139
1.86186,1.12104
1.86587,0.950697
1.86987,0.661383
1.87387,0.439667
1.87788,0.316192
1.88188,0.235427
1.88589,0.222318
1.88989,0.303525
1.89389,0.409834
1.8979,0.422977
1.9019,0.427705
1.90591,0.415343
1.90991,0.271573
1.91391,0.181624
1.91792,0.178243
1.92192,0.178345
1.92593,0.184528
1.92993,0.298705
1.93393,0.511519
1.93794,0.622432
1.94194,0.7063
1.94595,0.723247
1.94995,0.622181
1.95395,0.485762
1.95796,0.338743
1.96196,0.210077
1.96597,0.181191
1.96997,0.213725
1.97397,0.271443
1.97798,0.340637
1.98198,0.431709
1.98599,0.462389
1.98999,0.412733
1.99399,0.335122
1.998,0.218563
2.002,0.109837
2.00601,0.0877478
2.01001,0.125831
2.01401,0.211102
2.01802,0.328775
2.02202,0.510992
2.02603,0.61611
2.03003,0.64945
2.03403,0.666023
2.03804,0.61258
2.04204,0.474801
2.04605,0.395066
2.05005,0.351737
2.05405,0.328308
2.05806,0.360305
2.06206,0.481444
2.06607,0.582834
2.07007,0.64327
2.07407,0.6802
2.07808,0.643851
2.08208,0.513015
2.08609,0.368464
2.09009,0.179124
2.09409,0.080932
2.0981,0.049525
2.1021,0.0334814
2.10611,0.0304957
2.11011,0.0576665
2.11411,0.113948
2.11812,0.112849
2.12212,0.0910798
2.12613,0.0745775
2.13013,0.0615984
2.13413,0.0539114
2.13814,0.0698034
2.14214,0.166944
2.14615,0.316213
2.15015,0.461631
2.15415,0.580296
2.15816,0.587336
2.16216,0.576278
2.16617,0.55414
2.17017,0.433717
2.17417,0.307664
2.17818,0.234345
2.18218,0.180762
2.18619,0.166272
2.19019,0.209205
2.19419,0.278132
2.1982,0.304377
2.2022,0.319689
2.20621,0.322333
2.21021,0.253101
2.21421,0.159563
2.21822,0.0732068
2.22222,0.0205549
2.22623,0.0124508
2.23023,0.0322688
2.23423,0.112816
2.23824,0.18753
2.24224,0.258031
2.24625,0.285134
2.25025,0.262474
2.25425,0.222425
2.25826,0.162656
2.26226,0.093038
2.26627,0.0732025
2.27027,0.0844823
2.27427,0.108197
2.27828,0.142198
2.28228,0.199613
2.28629,0.228826
2.29029,0.213763
2.29429,0.183579
2.2983,0.115542
2.3023,0.0392147
2.30631,0.0237171
2.31031,0.0260294
2.31431,0.0317074
2.31832,0.0481095
2.32232,0.110979
2.32633,0.173158
2.33033,0.186734
2.33433,0.194026
2.33834,0.180244
2.34234,0.136526
2.34635,0.118924
2.35035,0.137737
2.35435,0.18017
2.35836,0.243507
2.36236,0.358892
2.36637,0.46025
2.37037,0.518346
2.37437,0.555901
2.37838,0.53957
2.38238,0.450293
2.38639,0.348854
2.39039,0.217719
2.39439,0.124638
2.3984,0.0849212
2.4024,0.0613554
2.40641,0.0542426
2.41041,0.0709827
2.41441,0.100525
2.41842,0.101975
2.42242,0.0848702
2.42643,0.0617475
2.43043,0.0129201
2.43443,0.00207328
2.43844,0.00259052
2.44244,0.0188965
2.44645,0.0805801
2.45045,0.138661
2.45445,0.191632
2.45846,0.196828
2.46246,0.186738
2.46647,0.170673
2.47047,0.112256
2.47447,0.0682351
2.47848,0.0655916
2.48248,0.0777972
2.48649,0.098183
2.49049,0.149005
2.49449,0.22874
2.4985,0.254078
2.5025,0.262903
2.50651,0.265651
2.51051,0.211606
2.51451,0.135752
2.51852,0.0827936
2.52252,0.0430395
2.52653,0.0314228
2.53053,0.0513077
2.53453,0.111941
2.53854,0.163503
2.54254,0.208193
2.54655,0.228848
2.55055,0.205195
2.55455,0.162643
2.55856,0.118065
2.56256,0.0701063
2.56657,0.0534765
2.57057,0.0713472
2.57457,0.119483
2.57858,0.175028
2.58258,0.248352
2.58659,0.290728
2.59059,0.2842
2.59459,0.267867
2.5986,0.234219
2.6026,0.156327
2.60661,0.088547
2.61061,0.028132
2.61461,0.00820681
2.61862,0.00806147
2.62262,0.0203533
2.62663,0.0363936
2.63063,0.0357222
2.63463,0.0338868
2.63864,0.0234125
2.64264,0.00505871
2.64665,0.00193588
2.65065,0.00674537
2.65465,0.0556422
2.65866,0.144973
2.66266,0.240279
2.66667,0.317972
2.67067,0.365187
2.67467,0.397354
2.67868,0.392442
2.68268,0.336314
2.68669,0.2766
2.69069,0.215637
2.69469,0.169541
2.6987,0.166158
2.7027,0.19113
2.70671,0.224642
2.71071,0.262984
2.71471,0.301987
2.71872,0.304361
2.72272,0.269438
2.72673,0.220617
2.73073,0.141011
2.73473,0.0698075
2.73874,0.0340244
2.74274,0.0142429
2.74675,0.00894748
2.75075,0.0184087
2.75475,0.0615568
2.75876,0.0839488
2.76276,0.0877174
2.76677,0.0891325
2.77077,0.0576532
2.77477,0.0278425
2.77878,0.0242713
2.78278,0.0285606
2.78679,0.0367143
2.79079,0.0612091
2.79479,0.115961
2.7988,0.144496
2.8028,0.156095
2.80681,0.160947
2.81081,0.135188
2.81481,0.0860259
2.81882,0.042165
2.82282,0.00948486
2.82683,0.00365854
2.83083,0.00823819
2.83483,0.0378929
2.83884,0.0724875
2.84284,0.0961522
2.84685,0.108465
2.85085,0.0925791
2.85485,0.0665297
2.85886,0.0529594
2.86286,0.044106
2.86687,0.0402074
2.87087,0.0583306
2.87487,0.124935
2.87888,0.198014
2.88288,0.270854
2.88689,0.315413
2.89089,0.310756
2.89489,0.296202
2.8989,0.268505
2.9029,0.197379
2.90691,0.136542
2.91091,0.0929959
2.91491,0.0645808
2.91892,0.0615111
2.92292,0.0780436
2.92693,0.0964243
2.93093,0.101647
2.93493,0.104914
2.93894,0.10118
2.94294,0.070635
2.94695,0.045488
2.95095,0.0308089
2.95495,0.0215787
2.95896,0.0214044
2.96296,0.0383063
2.96697,0.0650499
2.97097,0.0744143
2.97497,0.0806698
2.97898,0.0783208
2.98298,0.0543251
2.98699,0.0404729
2.99099,0.0429993
2.99499,0.0517977
2.999,0.0673795
3.003,0.111785
3.00701,0.174062
3.01101,0.21251
3.01502,0.243509
3.01902,0.247457
3.02302,0.21589
3.02703,0.171809
3.03103,0.107343
3.03504,0.0547821
3.03904,0.0410268
3.04304,0.0367825
3.04705,0.0350204
3.05105,0.0454526
3.05506,0.0782146
3.05906,0.0913106
3.06306,0.0862427
3.06707,0.0771533
3.07107,0.0443206
3.07508,0.0165989
3.07908,0.0129072
3.08308,0.0190233
3.08709,0.0326717
3.09109,0.0581037
3.0951,0.107477
3.0991,0.138233
3.1031,0.15136
3.10711,0.157676
3.11111,0.141178
3.11512,0.0999718
3.11912,0.0601987
3.12312,0.0198436
3.12713,0.00862306
3.13113,0.0103058
3.13514,0.0170128
3.13914,0.0236075
3.14314,0.0291665
3.14715,0.0327015
3.15115,0.0182395
3.15516,0.00486855
3.15916,0.00341638
3.16316,0.0083459
3.16717,0.0258681
3.17117,0.0571261
3.17518,0.114667
3.17918,0.169816
3.18318,0.217009
3.18719,0.246089
3.19119,0.239827
3.1952,0.218299
3.1992,0.192744
3.2032,0.152549
3.20721,0.127841
3.21121,0.13286
3.21522,0.152579
3.21922,0.178706
3.22322,0.225224
3.22723,0.265893
3.23123,0.265242
3.23524,0.256061
3.23924,0.239278
3.24324,0.183137
3.24725,0.117474
3.25125,0.0479691
3.25526,0.0124731
3.25926,0.00816264
3.26326,0.0111607
3.26727,0.0169965
3.27127,0.0236713
3.27528,0.0322242
3.27928,0.0336139
3.28328,0.0163457
3.28729,0.00811833
3.29129,0.00898189
3.2953,0.0140992
3.2993,0.0239618
3.3033,0.0515437
3.30731,0.0999823
3.31131,0.128993
3.31532,0.151661
3.31932,0.157001
3.32332,0.134994
3.32733,0.10287
3.33133,0.0614407
3.33534,0.0276435
3.33934,0.0211311
3.34334,0.0271502
3.34735,0.0394576
3.35135,0.0570914
3.35536,0.0850458
3.35936,0.096545
3.36336,0.0888495
3.36737,0.0756722
3.37137,0.0513399
3.37538,0.0258269
3.37938,0.020427
3.38338,0.0319573
3.38739,0.0602714
3.39139,0.0981294
3.3954,0.15487
3.3994,0.192518
3.4034,0.209474
3.40741,0.218584
3.41141,0.204596
3.41542,0.160822
3.41942,0.122389
3.42342,0.0835283
3.42743,0.0621807
3.43143,0.0645666
3.43544,0.0783705
3.43944,0.0938332
3.44344,0.111531
3.44745,0.125706
3.45145,0.121093
3.45546,0.100598
3.45946,0.0759818
3.46346,0.0370963
3.46747,0.0181223
3.47147,0.0147208
3.47548,0.0131744
3.47948,0.0129897
3.48348,0.0202537
3.48749,0.0329622
3.49149,0.0313704
3.4955,0.0238378
3.4995,0.0211436
3.5035,0.0213355
3.50751,0.0218007
3.51151,0.0281223
3.51552,0.0615675
3.51952,0.110584
3.52352,0.15717
3.52753,0.19505
3.53153,0.197253
3.53554,0.192432
3.53954,0.183561
3.54354,0.143086
3.54755,0.0984542
3.55155,0.0679717
3.55556,0.0450183
3.55956,0.0387714
3.56356,0.0497822
3.56757,0.0699483
3.57157,0.0824917
3.57558,0.0926462
3.57958,0.0959182
3.58358,0.0800995
3.58759,0.0543843
3.59159,0.0195938
3.5956,0.00223244
3.5996,0.000867638
3.6036,0.00322059
3.60761,0.0186288
3.61161,0.0375028
3.61562,0.0575359
3.61962,0.0660705
3.62362,0.0617387
3.62763,0.0531768
3.63163,0.0353033
3.63564,0.0141607
3.63964,0.00926136
3.64364,0.00933284
3.64765,0.00951355
3.65165,0.0117879
3.65566,0.0233278
3.65966,0.0326306
3.66366,0.0309116
3.66767,0.0275026
3.67167,0.0211495
3.67568,0.0122706
3.67968,0.00954944
3.68368,0.0145883
3.68769,0.0282191
3.69169,0.0441418
3.6957,0.0651406
3.6997,0.0756686
3.7037,0.0747054
3.70771,0.0724569
3.71171,0.0645476
3.71572,0.0472368
3.71972,0.0404145
3.72372,0.0456955
3.72773,0.0577169
3.73173,0.0761446
3.73574,0.111102
3.73974,0.143015
3.74374,0.161925
3.74775,0.174486
3.75175,0.1705
3.75576,0.145346
3.75976,0.115464
3.76376,0.079281
3.76777,0.0458682
3.77177,0.0206446
3.77578,0.00613069
3.77978,0.003462
3.78378,0.00492393
3.78779,0.00823918
3.79179,0.00991685
3.7958,0.0106858
3.7998,0.01172
3.8038,0.0136789
3.80781,0.0168122
3.81181,0.0224866
3.81582,0.0345496
3.81982,0.0469492
3.82382,0.0551334
3.82783,0.0609849
3.83183,0.0593913
3.83584,0.0477322
3.83984,0.0342252
3.84384,0.0141296
3.84785,0.00532417
3.85185,0.0052348
3.85586,0.00981431
3.85986,0.0183306
3.86386,0.0303305
3.86787,0.044556
3.87187,0.0462646
3.87588,0.0420891
3.87988,0.0356585
3.88388,0.014256
3.88789,0.00445307
3.89189,0.00412766
3.8959,0.00748321
3.8999,0.0147372
3.9039,0.0295587
3.90791,0.0552389
3.91191,0.0685913
3.91592,0.0760738
3.91992,0.0789663
3.92392,0.0672829
3.92793,0.0477575
3.93193,0.0305013
3.93594,0.0150866
3.93994,0.0104023
3.94394,0.0141862
3.94795,0.0247118
3.95195,0.0360748
3.95596,0.0496641
3.95996,0.0573289
3.96396,0.0551303
3.96797,0.050147
3.97197,0.0426398
3.97598,0.0302333
3.97998,0.0224947
3.98398,0.0190591
3.98799,0.0168718
3.99199,0.0158127
3.996,0.0152324
4,0.0147223
