# 20260616_120625
# initdata:	data/PbPb276_cc_(0,5)plus15/initdata.csv
# freezeout file: 	data/PbPb276_cc_(0,5)plus15/freezeout.csv
# particle mass:	0.634286
# NpT:	400
# pTmax:	4
# epsabs:	0
# epsrel:	1e-05
# integr iter:	10000
pT,spec
0,25481.1
0.0100251,25083.2
0.0200501,23917.7
0.0300752,22066.7
0.0401003,19660.8
0.0501253,16869.4
0.0601504,13888.4
0.0701754,10924.6
0.0802005,8175
0.0902256,5803.63
0.100251,3918.48
0.110276,2555.35
0.120301,1675.74
0.130326,1182.57
0.140351,950.812
0.150376,863.035
0.160401,836.367
0.170426,830.617
0.180451,836.508
0.190476,853.554
0.200501,872.281
0.210526,871.622
0.220551,831.311
0.230576,748.06
0.240602,641.468
0.250627,543.441
0.260652,477.884
0.270677,445.834
0.280702,427.53
0.290727,399.845
0.300752,355.069
0.310777,305.712
0.320802,271.918
0.330827,262.708
0.340852,267.691
0.350877,266.424
0.360902,246.64
0.370927,214.598
0.380952,188.157
0.390977,179.429
0.401003,183.586
0.411028,184.276
0.421053,169.917
0.431078,144.666
0.441103,123.487
0.451128,116.767
0.461153,120.27
0.471178,120.364
0.481203,108.537
0.491228,89.8616
0.501253,76.8963
0.511278,76.0544
0.521303,81.2181
0.531328,81.0442
0.541353,71.4687
0.551378,59.5955
0.561404,55.1278
0.571429,59.367
0.581454,64.1158
0.591479,61.265
0.601504,51.8268
0.611529,44.2087
0.621554,44.182
0.631579,48.3761
0.641604,48.6214
0.651629,41.6392
0.661654,32.6018
0.671679,28.7053
0.681704,30.7542
0.691729,32.7372
0.701754,29.4765
0.711779,22.8324
0.721805,19.0986
0.73183,21.1467
0.741855,25.0628
0.75188,25.182
0.761905,21.0195
0.77193,17.5407
0.781955,18.708
0.79198,22.525
0.802005,23.6418
0.81203,20.024
0.822055,15.2663
0.83208,13.9087
0.842105,15.848
0.85213,16.8247
0.862155,14.0477
0.87218,9.65663
0.882206,7.80666
0.892231,9.39593
0.902256,11.2202
0.912281,10.3628
0.922306,7.91489
0.932331,7.28249
0.942356,9.53241
0.952381,11.9556
0.962406,11.6072
0.972431,9.04687
0.982456,7.43248
0.992481,8.32834
1.00251,9.79457
1.01253,9.11718
1.02256,6.40573
1.03258,4.34029
1.04261,4.60294
1.05263,5.83212
1.06266,5.68437
1.07268,4.04493
1.08271,3.05993
1.09273,4.10017
1.10276,5.86534
1.11278,6.14689
1.12281,4.76655
1.13283,3.70913
1.14286,4.36606
1.15288,5.67855
1.16291,5.63459
1.17293,3.99339
1.18296,2.55045
1.19298,2.69514
1.20301,3.64456
1.21303,3.67485
1.22306,2.5355
1.23308,1.72571
1.24311,2.35451
1.25313,3.60182
1.26316,3.85766
1.27318,2.89269
1.28321,2.07348
1.29323,2.41564
1.30326,3.21812
1.31328,3.11303
1.32331,1.98957
1.33333,1.11992
1.34336,1.38909
1.35338,2.13831
1.36341,2.18128
1.37343,1.49458
1.38346,1.20517
1.39348,1.94489
1.40351,2.91412
1.41353,2.95367
1.42356,2.10669
1.43358,1.50972
1.44361,1.8137
1.45363,2.34292
1.46366,2.10292
1.47368,1.16897
1.48371,0.537894
1.49373,0.734829
1.50376,1.16629
1.51378,1.06904
1.52381,0.631594
1.53383,0.683977
1.54386,1.43902
1.55388,2.11362
1.56391,1.98044
1.57393,1.36171
1.58396,1.16799
1.59398,1.63767
1.60401,2.03336
1.61404,1.68343
1.62406,0.893331
1.63409,0.489771
1.64411,0.696897
1.65414,0.922069
1.66416,0.680684
1.67419,0.292232
1.68421,0.375469
1.69424,0.916349
1.70426,1.26329
1.71429,1.0413
1.72431,0.664397
1.73434,0.72419
1.74436,1.14246
1.75439,1.28989
1.76441,0.882017
1.77444,0.375022
1.78446,0.324391
1.79449,0.638365
1.80451,0.767947
1.81454,0.518996
1.82456,0.311796
1.83459,0.542038
1.84461,0.983617
1.85464,1.0853
1.86466,0.724044
1.87469,0.349172
1.88471,0.344874
1.89474,0.534649
1.90476,0.501162
1.91479,0.21242
1.92481,0.0470946
1.93484,0.218815
1.94486,0.464934
1.95489,0.446483
1.96491,0.256164
1.97494,0.283153
1.98496,0.630181
1.99499,0.93082
2.00501,0.83692
2.01504,0.487408
2.02506,0.305245
2.03509,0.424823
2.04511,0.550928
2.05514,0.409746
2.06516,0.12487
2.07519,0.0067544
2.08521,0.105939
2.09524,0.185443
2.10526,0.115097
2.11529,0.0732141
2.12531,0.25443
2.13534,0.532915
2.14536,0.600096
2.15539,0.391678
2.16541,0.184697
2.17544,0.218015
2.18546,0.375546
2.19549,0.375224
2.20551,0.178586
2.21554,0.0337604
2.22556,0.109033
2.23559,0.259193
2.24561,0.252928
2.25564,0.112484
2.26566,0.0682994
2.27569,0.208044
2.28571,0.342405
2.29574,0.279924
2.30576,0.101605
2.31579,0.0362508
2.32581,0.129628
2.33584,0.196381
2.34586,0.116008
2.35589,0.0242968
2.36591,0.11115
2.37594,0.323932
2.38596,0.422062
2.39599,0.31556
2.40602,0.198525
2.41604,0.277011
2.42607,0.473798
2.43609,0.527826
2.44612,0.346206
2.45614,0.117511
2.46617,0.0458994
2.47619,0.096874
2.48622,0.0998699
2.49624,0.0241696
2.50627,0.0122601
2.51629,0.138068
2.52632,0.270635
2.53634,0.258935
2.54637,0.16389
2.55639,0.182808
2.56642,0.360547
2.57644,0.503118
2.58647,0.428536
2.59649,0.209565
2.60652,0.0733342
2.61654,0.105199
2.62657,0.166957
2.63659,0.121053
2.64662,0.0243193
2.65664,0.0238139
2.66667,0.127958
2.67669,0.192752
2.68672,0.132874
2.69674,0.0412132
2.70677,0.0465898
2.71679,0.127039
2.72682,0.150738
2.73684,0.0746048
2.74687,0.00391568
2.75689,0.0315591
2.76692,0.102421
2.77694,0.103964
2.78697,0.0434217
2.79699,0.0434851
2.80702,0.158409
2.81704,0.279529
2.82707,0.272064
2.83709,0.15255
2.84712,0.0609795
2.85714,0.074802
2.86717,0.12552
2.87719,0.116393
2.88722,0.0551949
2.89724,0.0189639
2.90727,0.0287351
2.91729,0.0327256
2.92732,0.0113645
2.93734,0.0244451
2.94737,0.11534
2.95739,0.218786
2.96742,0.227356
2.97744,0.136107
2.98747,0.0575578
2.99749,0.0762982
3.00752,0.142452
3.01754,0.148481
3.02757,0.0759962
3.03759,0.00872312
3.04762,0.00743212
3.05764,0.0346874
3.06767,0.0287805
3.07769,0.00230561
3.08772,0.0151314
3.09774,0.0705165
3.10777,0.0998611
3.11779,0.0628292
3.12782,0.0104784
3.13784,0.0126522
3.14787,0.0563096
3.15789,0.0677609
3.16792,0.0269193
3.17794,0.00180426
3.18797,0.0481099
3.19799,0.120936
3.20802,0.132478
3.21805,0.0766415
3.22807,0.0407439
3.2381,0.0848412
3.24812,0.158246
3.25815,0.16818
3.26817,0.100285
3.2782,0.0258758
3.28822,0.000150634
3.29825,0.00443999
3.30827,0.00333484
3.3183,0.0114949
3.32832,0.0615292
3.33835,0.129274
3.34837,0.146421
3.3584,0.0962573
3.36842,0.050476
3.37845,0.079661
3.38847,0.155234
3.3985,0.182365
3.40852,0.122479
3.41855,0.0387638
3.42857,0.00796748
3.4386,0.0267116
3.44862,0.0368926
3.45865,0.0183079
3.46867,0.00888877
3.4787,0.0330921
3.48872,0.0575392
3.49875,0.0434537
3.50877,0.0114632
3.5188,0.0136698
3.52882,0.0527722
3.53885,0.0730414
3.54887,0.0423063
3.5589,0.00327754
3.56892,0.0137326
3.57895,0.0610063
3.58897,0.0790836
3.599,0.0469253
3.60902,0.0234529
3.61905,0.0635628
3.62907,0.133957
3.6391,0.1519
3.64912,0.0947765
3.65915,0.0273483
3.66917,0.0123057
3.6792,0.0339334
3.68922,0.0376014
3.69925,0.0159498
3.70927,0.0116555
3.7193,0.0406058
3.72932,0.0617655
3.73935,0.0449627
3.74937,0.0308118
3.7594,0.0802782
3.76942,0.177348
3.77945,0.230477
3.78947,0.184848
3.7995,0.0952603
3.80952,0.0566222
3.81955,0.0849068
3.82957,0.108655
3.8396,0.0749673
3.84962,0.0181044
3.85965,0.00124905
3.86967,0.0254083
3.8797,0.0375078
3.88972,0.0168354
3.89975,0.00555397
3.90977,0.0388927
3.9198,0.0838327
3.92982,0.082118
3.93985,0.0356089
3.94987,0.00630763
3.9599,0.028558
3.96992,0.0615196
3.97995,0.0519287
3.98997,0.0149677
4,0.0135625
