# 20260615_160111
# initdata:	data/AuAu200_cc_(0,5)plus15/initdata.csv
# freezeout file: 	data/AuAu200_cc_(0,5)plus15/freezeout.csv
# particle mass:	1.76571
# NpT:	400
# pTmax:	4
# epsabs:	0
# epsrel:	1e-05
# integr iter:	10000
pT,spec
0,1721.85
0.0100251,1719.14
0.0200501,1711.19
0.0300752,1698.51
0.0401003,1681.56
0.0501253,1660.43
0.0601504,1634.51
0.0701754,1602.46
0.0802005,1562.42
0.0902256,1512.44
0.100251,1451.06
0.110276,1377.82
0.120301,1293.61
0.130326,1200.76
0.140351,1102.77
0.150376,1003.91
0.160401,908.574
0.170426,820.612
0.180451,742.777
0.190476,676.335
0.200501,620.943
0.210526,574.832
0.220551,535.274
0.230576,499.25
0.240602,464.184
0.250627,428.547
0.260652,392.186
0.270677,356.345
0.280702,323.057
0.290727,294.593
0.300752,272.61
0.310777,257.564
0.320802,248.519
0.330827,243.378
0.340852,239.529
0.350877,234.643
0.360902,227.381
0.370927,217.744
0.380952,206.965
0.390977,196.956
0.401003,189.524
0.411028,185.659
0.421053,185.087
0.431078,186.376
0.441103,187.434
0.451128,186.279
0.461153,181.786
0.471178,174.095
0.481203,164.552
0.491228,155.173
0.501253,147.855
0.511278,143.636
0.521303,142.293
0.531328,142.457
0.541353,142.172
0.551378,139.725
0.561404,134.35
0.571429,126.55
0.581454,117.889
0.591479,110.33
0.601504,105.405
0.611529,103.57
0.621554,104.028
0.631579,105.097
0.641604,104.965
0.651629,102.496
0.661654,97.7199
0.671679,91.7896
0.681704,86.4185
0.691729,83.0675
0.701754,82.2581
0.711779,83.3416
0.721805,84.8313
0.73183,85.1363
0.741855,83.3377
0.75188,79.6222
0.761905,75.1624
0.77193,71.4996
0.781955,69.7458
0.79198,70.0122
0.802005,71.3557
0.81203,72.2958
0.822055,71.5652
0.83208,68.8112
0.842105,64.7631
0.85213,60.8409
0.862155,58.3901
0.87218,57.9508
0.882206,58.9643
0.892231,60.074
0.902256,59.8657
0.912281,57.6438
0.922306,53.8132
0.932331,49.6588
0.942356,46.6385
0.952381,45.5823
0.962406,46.2453
0.972431,47.4639
0.982456,47.825
0.992481,46.4684
1.00251,43.5634
1.01253,40.1917
1.02256,37.7078
1.03258,36.9531
1.04261,37.7821
1.05263,39.1724
1.06266,39.8476
1.07268,39.0352
1.08271,36.9082
1.09273,34.4488
1.10276,32.8274
1.11278,32.6749
1.12281,33.7043
1.13283,34.9006
1.14286,35.1623
1.15288,33.9901
1.16291,31.7919
1.17293,29.6169
1.18296,28.4848
1.19298,28.7405
1.20301,29.8359
1.21303,30.6821
1.22306,30.3424
1.23308,28.626
1.24311,26.2035
1.25313,24.1723
1.26316,23.3564
1.27318,23.7891
1.28321,24.7136
1.29323,25.0907
1.30326,24.2811
1.31328,22.4531
1.32331,20.4545
1.33333,19.2392
1.34336,19.236
1.35338,20.0773
1.36341,20.8641
1.37343,20.7833
1.38346,19.6555
1.39348,18.0468
1.40351,16.87
1.41353,16.7535
1.42356,17.6083
1.43358,18.6893
1.44361,19.1049
1.45363,18.4254
1.46366,16.9703
1.47368,15.581
1.48371,15.0381
1.49373,15.5267
1.50376,16.518
1.51378,17.1427
1.52381,16.7915
1.53383,15.5253
1.54386,14.0119
1.55388,13.045
1.56391,12.9884
1.57393,13.5388
1.58396,13.9658
1.59398,13.65
1.60401,12.53
1.61404,11.1389
1.62406,10.2124
1.63409,10.1551
1.64411,10.7533
1.65414,11.3389
1.66416,11.28
1.67419,10.4398
1.68421,9.27045
1.69424,8.47833
1.70426,8.50791
1.71429,9.22353
1.72431,10.0169
1.73434,10.2566
1.74436,9.74546
1.75439,8.85048
1.76441,8.21589
1.77444,8.27749
1.78446,8.94087
1.79449,9.65913
1.80451,9.84722
1.81454,9.31796
1.82456,8.41559
1.83459,7.74956
1.84461,7.73307
1.85464,8.27412
1.86466,8.84848
1.87469,8.89595
1.88471,8.23841
1.89474,7.20747
1.90476,6.38963
1.91479,6.18878
1.92481,6.53583
1.93484,6.96056
1.94486,6.96162
1.95489,6.3872
1.96491,5.53759
1.97494,4.91942
1.98496,4.85012
1.99499,5.22015
2.00501,5.59332
2.01504,5.55934
2.02506,5.05888
2.03509,4.42714
2.04511,4.12567
2.05514,4.37592
2.06516,4.9831
2.07519,5.48703
2.08521,5.51944
2.09524,5.08626
2.10526,4.5553
2.11529,4.36145
2.12531,4.66359
2.13534,5.22205
2.14536,5.59088
2.15539,5.46923
2.16541,4.93513
2.17544,4.37887
2.18546,4.19213
2.19549,4.46041
2.20551,4.89996
2.21554,5.08614
2.22556,4.78662
2.23559,4.14012
2.24561,3.53955
2.25564,3.32073
2.26566,3.5054
2.27569,3.79968
2.28571,3.84195
2.29574,3.49581
2.30576,2.95321
2.31579,2.57027
2.32581,2.57457
2.33584,2.88349
2.34586,3.17783
2.35589,3.16802
2.36591,2.83063
2.37594,2.42511
2.38596,2.27853
2.39599,2.51588
2.40602,2.957
2.41604,3.26227
2.42607,3.2067
2.43609,2.85846
2.44612,2.51807
2.45614,2.47055
2.46617,2.75393
2.47619,3.13212
2.48622,3.2911
2.49624,3.09565
2.50627,2.6965
2.51629,2.40319
2.52632,2.42875
2.53634,2.71714
2.54637,2.99174
2.55639,2.98212
2.56642,2.64138
2.57644,2.17818
2.58647,1.8814
2.59649,1.88643
2.60652,2.07454
2.61654,2.18394
2.62657,2.03455
2.63659,1.67752
2.64662,1.3478
2.65664,1.26384
2.66667,1.44559
2.67669,1.70159
2.68672,1.79415
2.69674,1.63959
2.70677,1.37544
2.71679,1.24022
2.72682,1.36825
2.73684,1.67568
2.74687,1.9301
2.75689,1.94773
2.76692,1.74589
2.77694,1.5268
2.78697,1.50452
2.79699,1.72224
2.80702,2.01384
2.81704,2.1416
2.82707,1.99395
2.83709,1.67785
2.84712,1.42945
2.85714,1.41929
2.86717,1.6149
2.87719,1.81398
2.88722,1.81656
2.89724,1.59052
2.90727,1.29253
2.91729,1.13102
2.92732,1.18984
2.93734,1.36175
2.94737,1.44504
2.95739,1.31737
2.96742,1.0386
2.97744,0.79691
2.98747,0.747885
2.99749,0.885657
3.00752,1.05513
3.01754,1.09156
3.02757,0.964935
3.03759,0.8044
3.04762,0.782805
3.05764,0.96244
3.06767,1.23595
3.07769,1.41383
3.08772,1.38365
3.09774,1.20449
3.10777,1.05581
3.11779,1.0845
3.12782,1.28041
3.13784,1.48594
3.14787,1.52977
3.15789,1.37203
3.16792,1.13549
3.17794,1.00065
3.18797,1.05363
3.19799,1.2165
3.20802,1.31683
3.21805,1.23451
3.22807,1.00042
3.2381,0.765492
3.24812,0.670384
3.25815,0.729668
3.26817,0.827845
3.2782,0.826335
3.28822,0.685582
3.29825,0.496536
3.30827,0.397324
3.3183,0.451061
3.32832,0.592488
3.33835,0.688578
3.34837,0.657555
3.3584,0.540478
3.36842,0.462775
3.37845,0.520629
3.38847,0.693215
3.3985,0.858278
3.40852,0.897923
3.41855,0.801597
3.42857,0.676068
3.4386,0.653148
3.44862,0.775034
3.45865,0.956485
3.46867,1.05637
3.4787,0.996628
3.48872,0.82648
3.49875,0.677923
3.50877,0.652453
3.5188,0.736972
3.52882,0.819853
3.53885,0.790528
3.54887,0.634976
3.5589,0.445446
3.56892,0.339003
3.57895,0.358138
3.58897,0.439763
3.599,0.476701
3.60902,0.414487
3.61905,0.297346
3.62907,0.224559
3.6391,0.258661
3.64912,0.368672
3.65915,0.458708
3.66917,0.455158
3.6792,0.373562
3.68922,0.304886
3.69925,0.333462
3.70927,0.459975
3.7193,0.598573
3.72932,0.651361
3.73935,0.594551
3.74937,0.500004
3.7594,0.472444
3.76942,0.556937
3.77945,0.697505
3.78947,0.783095
3.7995,0.741142
3.80952,0.59795
3.81955,0.454701
3.82957,0.401307
3.8396,0.443154
3.84962,0.502809
3.85965,0.492259
3.86967,0.390636
3.8797,0.259944
3.88972,0.187687
3.89975,0.209548
3.90977,0.280869
3.9198,0.320256
3.92982,0.284078
3.93985,0.204302
3.94987,0.15673
3.9599,0.189882
3.96992,0.279673
3.97995,0.350646
3.98997,0.344381
4,0.272661
