# 20260616_142405
qT,primespec
0,176502
0.004004,173544
0.00800801,170374
0.012012,165140
0.016016,156075
0.02002,145356
0.024024,133350
0.028028,119900
0.032032,106194
0.036036,92020.1
0.04004,78168.9
0.044044,64958.5
0.048048,52576.6
0.0520521,41459.8
0.0560561,31640.3
0.0600601,23262.2
0.0640641,16381.4
0.0680681,10913.7
0.0720721,6698.3
0.0760761,3622.94
0.0800801,1946.22
0.0840841,981.357
0.0880881,540.103
0.0920921,524.56
0.0960961,878.809
0.1001,1495.76
0.104104,2064.53
0.108108,2675.52
0.112112,3139.62
0.116116,3542.54
0.12012,3741.08
0.124124,3739.72
0.128128,3734.11
0.132132,3695.32
0.136136,3471.12
0.14014,3188.06
0.144144,2903.01
0.148148,2591.14
0.152152,2293.85
0.156156,2003.97
0.16016,1742.28
0.164164,1509.39
0.168168,1307.65
0.172172,1151.09
0.176176,1019.82
0.18018,931.528
0.184184,877.981
0.188188,841.78
0.192192,836.049
0.196196,841.785
0.2002,846.518
0.204204,847.322
0.208208,847.775
0.212212,844.314
0.216216,814.989
0.22022,773.861
0.224224,724.898
0.228228,665.954
0.232232,611.346
0.236236,557.115
0.24024,514.437
0.244244,484.89
0.248248,462.748
0.252252,453.325
0.256256,449.728
0.26026,445.881
0.264264,438.766
0.268268,428.275
0.272272,412.991
0.276276,386.508
0.28028,356.646
0.284284,325.207
0.288288,294.33
0.292292,274.588
0.296296,259.619
0.3003,252.249
0.304304,255.492
0.308308,263.418
0.312312,269.925
0.316316,276.042
0.32032,279.529
0.324324,274.38
0.328328,260.637
0.332332,244.705
0.336336,222.574
0.34034,202.38
0.344344,186.767
0.348348,174.384
0.352352,171.814
0.356356,173.471
0.36036,175.386
0.364364,176.636
0.368368,177.658
0.372372,176.868
0.376376,166.165
0.38038,151.145
0.384384,133.777
0.388388,114.572
0.392392,101.524
0.396396,91.1539
0.4004,85.8187
0.404404,87.9255
0.408408,93.8909
0.412412,99.6251
0.416416,106.03
0.42042,110.151
0.424424,108.256
0.428428,102.601
0.432432,95.7433
0.436436,84.97
0.44044,77.1806
0.444444,75.161
0.448448,73.9981
0.452452,74.3231
0.456456,80.75
0.46046,87.6386
0.464464,89.4648
0.468468,90.5424
0.472472,90.0785
0.476476,81.611
0.48048,70.3086
0.484484,58.5921
0.488488,47.0956
0.492492,41.8766
0.496496,39.3318
0.500501,38.1169
0.504505,40.1957
0.508509,45.5056
0.512513,47.4833
0.516517,47.5557
0.520521,47.5859
0.524525,44.8899
0.528529,38.5635
0.532533,34.7221
0.536537,32.3511
0.540541,31.09
0.544545,32.9643
0.548549,38.8786
0.552553,44.5142
0.556557,50.0822
0.560561,53.8373
0.564565,52.8872
0.568569,49.3114
0.572573,44.6189
0.576577,36.4928
0.580581,29.225
0.584585,24.564
0.588589,21.0719
0.592593,20.2947
0.596597,22.0649
0.600601,24.0132
0.604605,24.3399
0.608609,24.4853
0.612613,24.2689
0.616617,20.5996
0.620621,16.5941
0.624625,14.2048
0.628629,12.3713
0.632633,12.0295
0.636637,14.8603
0.640641,19.7245
0.644645,24.3025
0.648649,29.3448
0.652653,31.0177
0.656657,30.321
0.660661,28.9874
0.664665,25.9045
0.668669,20.7446
0.672673,17.3543
0.676677,14.9846
0.680681,13.6738
0.684685,14.2184
0.688689,15.9857
0.692693,16.7218
0.696697,16.5385
0.700701,16.1438
0.704705,14.3675
0.708709,10.6175
0.712713,7.98237
0.716717,5.95294
0.720721,4.86627
0.724725,5.48753
0.728729,8.30203
0.732733,11.5975
0.736737,14.9732
0.740741,17.6035
0.744745,17.5476
0.748749,16.6526
0.752753,15.3379
0.756757,12.2268
0.760761,9.70807
0.764765,8.99247
0.768769,8.59932
0.772773,8.54466
0.776777,9.81712
0.780781,11.3885
0.784785,11.3658
0.788789,10.7231
0.792793,9.70248
0.796797,6.82973
0.800801,4.50043
0.804805,3.55231
0.808809,2.96058
0.812813,2.83792
0.816817,4.30831
0.820821,7.41177
0.824825,9.55576
0.828829,11.4161
0.832833,12.0402
0.836837,11.1685
0.840841,9.77014
0.844845,8.09694
0.848849,6.19982
0.852853,5.58916
0.856857,5.83874
0.860861,6.30029
0.864865,6.94005
0.868869,7.89971
0.872873,8.29049
0.876877,7.47655
0.880881,6.0741
0.884885,3.94702
0.888889,1.78582
0.892893,1.27635
0.896897,1.39335
0.900901,1.66231
0.904905,2.32771
0.908909,4.30185
0.912913,6.10689
0.916917,6.82886
0.920921,7.24862
0.924925,6.87762
0.928929,5.5799
0.932933,4.72675
0.936937,4.26376
0.940941,3.99146
0.944945,4.25584
0.948949,5.45697
0.952953,6.39454
0.956957,6.73618
0.960961,6.93291
0.964965,6.52147
0.968969,4.86977
0.972973,3.21712
0.976977,1.2687
0.980981,0.518003
0.984985,0.554447
0.988989,1.06952
0.992993,1.93199
0.996997,3.05304
1.001,4.20855
1.00501,4.30918
1.00901,4.11849
1.01301,3.82786
1.01702,2.97093
1.02102,2.26696
1.02503,2.26117
1.02903,2.58609
1.03303,3.04035
1.03704,3.83078
1.04104,4.68937
1.04505,4.72079
1.04905,4.31442
1.05305,3.71484
1.05706,2.20887
1.06106,1.1036
1.06507,0.710939
1.06907,0.497765
1.07307,0.437353
1.07708,0.859793
1.08108,2.21756
1.08509,3.04773
1.08909,3.56074
1.09309,3.74864
1.0971,3.26125
1.1011,2.60244
1.10511,2.2331
1.10911,1.95656
1.11311,1.8578
1.11712,2.29207
1.12112,3.14481
1.12513,3.63835
1.12913,3.98895
1.13313,4.12409
1.13714,3.56862
1.14114,2.57047
1.14515,1.3084
1.14915,0.304438
1.15315,0.142809
1.15716,0.22226
1.16116,0.477945
1.16517,0.865285
1.16917,1.52941
1.17317,1.95821
1.17718,1.89795
1.18118,1.7673
1.18519,1.5401
1.18919,1.15103
1.19319,0.986325
1.1972,1.20417
1.2012,1.71886
1.20521,2.28485
1.20921,3.02376
1.21321,3.42835
1.21722,3.28642
1.22122,2.95947
1.22523,2.38045
1.22923,1.35441
1.23323,0.696554
1.23724,0.29179
1.24124,0.132257
1.24525,0.151265
1.24925,0.517673
1.25325,1.23156
1.25726,1.47388
1.26126,1.62999
1.26527,1.53836
1.26927,1.08526
1.27327,0.843943
1.27728,0.79826
1.28128,0.773413
1.28529,0.84463
1.28929,1.35331
1.29329,1.94156
1.2973,2.15644
1.3013,2.29573
1.30531,2.22014
1.30931,1.6649
1.31331,1.03368
1.31732,0.195564
1.32132,0.0239709
1.32533,0.0227394
1.32933,0.135103
1.33333,0.571884
1.33734,0.932546
1.34134,1.26331
1.34535,1.29325
1.34935,1.13729
1.35335,0.974147
1.35736,0.819465
1.36136,0.699245
1.36537,0.729008
1.36937,1.09981
1.37337,1.64456
1.37738,2.11132
1.38138,2.54075
1.38539,2.5821
1.38939,2.31743
1.39339,1.93509
1.3974,1.27562
1.4014,0.637613
1.40541,0.279063
1.40941,0.0860097
1.41341,0.0446231
1.41742,0.10564
1.42142,0.442993
1.42543,0.631197
1.42943,0.656639
1.43343,0.666059
1.43744,0.484002
1.44144,0.28424
1.44545,0.267011
1.44945,0.386825
1.45345,0.603657
1.45746,0.941915
1.46146,1.41355
1.46547,1.52865
1.46947,1.52311
1.47347,1.51193
1.47748,1.22101
1.48148,0.711603
1.48549,0.30258
1.48949,0.0503142
1.49349,0.0160288
1.4975,0.0459877
1.5015,0.319131
1.50551,0.653204
1.50951,0.832605
1.51351,0.91928
1.51752,0.787946
1.52152,0.581257
1.52553,0.493233
1.52953,0.44715
1.53353,0.427283
1.53754,0.560224
1.54154,0.961305
1.54555,1.2845
1.54955,1.52186
1.55355,1.64685
1.55756,1.51291
1.56156,1.19423
1.56557,0.804151
1.56957,0.318277
1.57357,0.166635
1.57758,0.160711
1.58158,0.158075
1.58559,0.170294
1.58959,0.301739
1.59359,0.469524
1.5976,0.436931
1.6016,0.362955
1.60561,0.3013
1.60961,0.239501
1.61361,0.208644
1.61762,0.288877
1.62162,0.587208
1.62563,0.914043
1.62963,1.23295
1.63363,1.43437
1.63764,1.38154
1.64164,1.224
1.64565,0.99028
1.64965,0.561504
1.65365,0.275261
1.65766,0.118924
1.66166,0.0502546
1.66567,0.0468511
1.66967,0.151503
1.67367,0.409694
1.67768,0.446406
1.68168,0.463968
1.68569,0.437255
1.68969,0.24514
1.69369,0.151948
1.6977,0.165839
1.7017,0.217312
1.70571,0.303747
1.70971,0.523763
1.71371,0.779776
1.71772,0.830545
1.72172,0.858109
1.72573,0.837714
1.72973,0.602236
1.73373,0.375645
1.73774,0.211383
1.74174,0.111881
1.74575,0.100681
1.74975,0.189105
1.75375,0.355168
1.75776,0.433018
1.76176,0.490356
1.76577,0.487107
1.76977,0.346778
1.77377,0.258117
1.77778,0.262113
1.78178,0.284128
1.78579,0.330482
1.78979,0.536742
1.79379,0.858726
1.7978,1.03698
1.8018,1.17642
1.80581,1.19742
1.80981,1.02436
1.81381,0.779096
1.81782,0.449587
1.82182,0.190283
1.82583,0.113998
1.82983,0.0843777
1.83383,0.072133
1.83784,0.0973707
1.84184,0.195723
1.84585,0.243113
1.84985,0.200862
1.85385,0.147192
1.85786,0.0895116
1.86186,0.0461873
1.86587,0.040728
1.86987,0.108076
1.87387,0.31618
1.87788,0.480623
1.88188,0.635798
1.88589,0.677177
1.88989,0.611249
1.89389,0.503657
1.8979,0.292393
1.9019,0.11496
1.90591,0.0849374
1.90991,0.0955055
1.91391,0.117517
1.91792,0.177926
1.92192,0.334532
1.92593,0.411234
1.92993,0.398807
1.93393,0.374638
1.93794,0.287801
1.94194,0.170818
1.94595,0.144881
1.94995,0.195123
1.95395,0.299792
1.95796,0.449347
1.96196,0.685178
1.96597,0.811315
1.96997,0.846043
1.97397,0.862641
1.97798,0.785296
1.98198,0.570311
1.98599,0.383326
1.98999,0.196005
1.99399,0.116283
1.998,0.119151
2.002,0.138557
2.00601,0.152595
2.01001,0.160422
2.01401,0.164928
2.01802,0.13309
2.02202,0.0747767
2.02603,0.0612705
2.03003,0.0987936
2.03403,0.193631
2.03804,0.326311
2.04204,0.532993
2.04605,0.672606
2.05005,0.736809
2.05405,0.771312
2.05806,0.712841
2.06206,0.523112
2.06607,0.333167
2.07007,0.114342
2.07407,0.045053
2.07808,0.0513392
2.08208,0.0956241
2.08609,0.160268
2.09009,0.241454
2.09409,0.314649
2.0981,0.302239
2.1021,0.244279
2.10611,0.186841
2.11011,0.117869
2.11411,0.0806265
2.11812,0.095998
2.12212,0.184577
2.12613,0.303662
2.13013,0.420454
2.13413,0.514059
2.13814,0.509553
2.14214,0.464529
2.14615,0.404583
2.15015,0.283935
2.15415,0.205159
2.15816,0.202664
2.16216,0.214879
2.16617,0.233759
2.17017,0.284628
2.17417,0.340449
2.17818,0.332139
2.18218,0.284214
2.18619,0.234928
2.19019,0.173661
2.19419,0.134919
2.1982,0.15138
2.2022,0.246305
2.20621,0.376165
2.21021,0.526943
2.21421,0.66198
2.21822,0.66751
2.22222,0.635099
2.22623,0.582219
2.23023,0.420803
2.23423,0.250841
2.23824,0.126834
2.24224,0.0502647
2.24625,0.0351338
2.25025,0.0642763
2.25425,0.136153
2.25826,0.164483
2.26226,0.178621
2.26627,0.180303
2.27027,0.0976027
2.27427,0.0473127
2.27828,0.0439935
2.28228,0.0451059
2.28629,0.047803
2.29029,0.0929987
2.29429,0.209704
2.2983,0.256185
2.3023,0.278096
2.30631,0.283387
2.31031,0.209979
2.31431,0.137662
2.31832,0.112562
2.32232,0.0981324
2.32633,0.094297
2.33033,0.143685
2.33433,0.253069
2.33834,0.306613
2.34234,0.339105
2.34635,0.349169
2.35035,0.278051
2.35435,0.196591
2.35836,0.158432
2.36236,0.132834
2.36637,0.124984
2.37037,0.184329
2.37437,0.326603
2.37838,0.43775
2.38238,0.538202
2.38639,0.579735
2.39039,0.538232
2.39439,0.459631
2.3984,0.355193
2.4024,0.220325
2.40641,0.143953
2.41041,0.101122
2.41441,0.0784904
2.41842,0.0807085
2.42242,0.100884
2.42643,0.113574
2.43043,0.0912395
2.43443,0.061235
2.43844,0.0408057
2.44244,0.0250286
2.44645,0.0202231
2.45045,0.0443
2.45445,0.142284
2.45846,0.234107
2.46246,0.314374
2.46647,0.349948
2.47047,0.322874
2.47447,0.268353
2.47848,0.179708
2.48248,0.0734044
2.48649,0.045919
2.49049,0.0538293
2.49449,0.0740241
2.4985,0.110416
2.5025,0.198358
2.50651,0.26422
2.51051,0.261745
2.51451,0.255281
2.51852,0.217488
2.52252,0.122696
2.52653,0.0884631
2.53053,0.0909261
2.53453,0.0974148
2.53854,0.118382
2.54254,0.205495
2.54655,0.304298
2.55055,0.345419
2.55455,0.372199
2.55856,0.362317
2.56256,0.298068
2.56657,0.2368
2.57057,0.180634
2.57457,0.141906
2.57858,0.139601
2.58258,0.153458
2.58659,0.162558
2.59059,0.157796
2.59459,0.146348
2.5986,0.120347
2.6026,0.0703717
2.60661,0.0514469
2.61061,0.0645876
2.61461,0.101677
2.61862,0.158333
2.62262,0.264915
2.62663,0.36869
2.63063,0.417036
2.63463,0.448859
2.63864,0.4375
2.64264,0.346831
2.64665,0.243928
2.65065,0.10752
2.65465,0.0418092
2.65866,0.0367995
2.66266,0.0472762
2.66667,0.0650624
2.67067,0.0992068
2.67467,0.149416
2.67868,0.156887
2.68268,0.13391
2.68669,0.103599
2.69069,0.0484405
2.69469,0.0187184
2.6987,0.0179126
2.7027,0.0400209
2.70671,0.087662
2.71071,0.141808
2.71471,0.202259
2.71872,0.214061
2.72272,0.211084
2.72673,0.205827
2.73073,0.179521
2.73473,0.147767
2.73874,0.14454
2.74274,0.162191
2.74675,0.186396
2.75075,0.21588
2.75475,0.247096
2.75876,0.249005
2.76276,0.219633
2.76677,0.183809
2.77077,0.137351
2.77477,0.0996913
2.77878,0.0980781
2.78278,0.13594
2.78679,0.198765
2.79079,0.280646
2.79479,0.380866
2.7988,0.408543
2.8028,0.412562
2.80681,0.414045
2.81081,0.360391
2.81481,0.258174
2.81882,0.170868
2.82282,0.089154
2.82683,0.0602792
2.83083,0.0616586
2.83483,0.0651555
2.83884,0.0688304
2.84284,0.0736015
2.84685,0.0764627
2.85085,0.0494154
2.85485,0.0222126
2.85886,0.0171006
2.86286,0.0160544
2.86687,0.0156575
2.87087,0.0268598
2.87487,0.0747474
2.87888,0.111341
2.88288,0.128141
2.88689,0.135921
2.89089,0.115715
2.89489,0.086129
2.8989,0.0804613
2.9029,0.0847362
2.90691,0.0928317
2.91091,0.122452
2.91491,0.188382
2.91892,0.232384
2.92292,0.25886
2.92693,0.271879
2.93093,0.244669
2.93493,0.18697
2.93894,0.136806
2.94294,0.0859565
2.94695,0.064102
2.95095,0.0774158
2.95495,0.12041
2.95896,0.171348
2.96296,0.23739
2.96697,0.284541
2.97097,0.283107
2.97497,0.276412
2.97898,0.261159
2.98298,0.208774
2.98699,0.159988
2.99099,0.128106
2.99499,0.104182
2.999,0.0933071
3.003,0.089177
3.00701,0.0841627
3.01101,0.0687461
3.01502,0.0461863
3.01902,0.0275551
3.02302,0.0114391
3.02703,0.00632001
3.03103,0.0118223
3.03504,0.0486093
3.03904,0.10382
3.04304,0.153251
3.04705,0.185261
3.05105,0.180254
3.05506,0.163067
3.05906,0.13302
3.06306,0.0670394
3.06707,0.0392768
3.07107,0.0388523
3.07508,0.0391182
3.07908,0.0420832
3.08308,0.0780572
3.08709,0.138684
3.09109,0.154964
3.0951,0.164569
3.0991,0.16222
3.1031,0.118947
3.10711,0.0760088
3.11111,0.0444047
3.11512,0.0243997
3.11912,0.0220456
3.12312,0.0437857
3.12713,0.0942688
3.13113,0.138094
3.13514,0.183073
3.13914,0.198234
3.14314,0.200468
3.14715,0.201411
3.15115,0.193445
3.15516,0.173833
3.15916,0.159721
3.16316,0.151432
3.16717,0.142385
3.17117,0.1289
3.17518,0.111008
3.17918,0.0876942
3.18318,0.0506256
3.18719,0.033072
3.19119,0.0345016
3.1952,0.0417422
3.1992,0.0548159
3.2032,0.0962032
3.20721,0.16422
3.21121,0.210242
3.21522,0.249636
3.21922,0.259088
3.22322,0.235467
3.22723,0.198018
3.23123,0.143532
3.23524,0.0833438
3.23924,0.0510259
3.24324,0.0308725
3.24725,0.0223859
3.25125,0.0284308
3.25526,0.0531302
3.25926,0.0680406
3.26326,0.0697759
3.26727,0.070552
3.27127,0.0558857
3.27528,0.0282013
3.27928,0.0154395
3.28328,0.00873111
3.28729,0.00604116
3.29129,0.00950961
3.2953,0.0342099
3.2993,0.073568
3.3033,0.102256
3.30731,0.125982
3.31131,0.140953
3.31532,0.151949
3.31932,0.159714
3.32332,0.166378
3.32733,0.170301
3.33133,0.169543
3.33534,0.165758
3.33934,0.15911
3.34334,0.136995
3.34735,0.107861
3.35135,0.0728079
3.35536,0.041618
3.35936,0.0344601
3.36336,0.0406673
3.36737,0.0538192
3.37137,0.0779222
3.37538,0.128707
3.37938,0.177546
3.38338,0.215222
3.38739,0.239872
3.39139,0.235638
3.3954,0.214992
3.3994,0.188459
3.4034,0.145846
3.40741,0.104032
3.41141,0.0718322
3.41542,0.0470732
3.41942,0.0350408
3.42342,0.0298485
3.42743,0.0257978
3.43143,0.0211384
3.43544,0.0165569
3.43944,0.0116628
3.44344,0.00534065
3.44745,0.00273098
3.45145,0.00361295
3.45546,0.0104595
3.45946,0.0234502
3.46346,0.0375531
3.46747,0.0528167
3.47147,0.0643139
3.47548,0.0736045
3.47948,0.0819272
3.48348,0.0891732
3.48749,0.0963696
3.49149,0.106605
3.4955,0.119638
3.4995,0.127348
3.5035,0.130745
3.50751,0.132597
3.51151,0.126674
3.51552,0.10455
3.51952,0.0800104
3.52352,0.0448844
3.52753,0.0266332
3.53153,0.0264609
3.53554,0.0312379
3.53954,0.0396551
3.54354,0.065848
3.54755,0.115288
3.55155,0.157085
3.55556,0.197868
3.55956,0.213513
3.56356,0.212627
3.56757,0.210518
3.57157,0.198885
3.57558,0.163694
3.57958,0.127844
3.58358,0.0932584
3.58759,0.0617524
3.59159,0.0355622
3.5956,0.0168459
3.5996,0.00856974
3.6036,0.00441137
3.60761,0.00275005
3.61161,0.00346894
3.61562,0.00962379
3.61962,0.0213265
3.62362,0.032435
3.62763,0.0437381
3.63163,0.0523583
3.63564,0.0598778
3.63964,0.0626382
3.64364,0.0609872
3.64765,0.0581065
3.65165,0.0548033
3.65566,0.0506583
3.65966,0.0490305
3.66366,0.051798
3.66767,0.0567017
3.67167,0.0612966
3.67568,0.0664695
3.67968,0.068598
3.68368,0.0630236
3.68769,0.0523966
3.69169,0.0346126
3.6957,0.0144957
3.6997,0.00955712
3.7037,0.0102982
3.70771,0.0121966
3.71171,0.0181504
3.71572,0.0456078
3.71972,0.0920784
3.72372,0.133213
3.72773,0.170691
3.73173,0.188056
3.73574,0.19912
3.73974,0.202777
3.74374,0.185196
3.74775,0.153635
3.75175,0.121117
3.75576,0.0838148
3.75976,0.0509326
3.76376,0.0178524
3.76777,0.00638172
3.77177,0.00592604
3.77578,0.00799945
3.77978,0.0118944
3.78378,0.0217066
3.78779,0.0419984
3.79179,0.0618418
3.7958,0.081407
3.7998,0.0965612
3.8038,0.107613
3.80781,0.115112
3.81181,0.114233
3.81582,0.104966
3.81982,0.0927312
3.82382,0.0743751
3.82783,0.0549378
3.83183,0.0396371
3.83584,0.0267213
3.83984,0.0222737
3.84384,0.0229131
3.84785,0.0238266
3.85185,0.0237374
3.85586,0.0222838
3.85986,0.0198349
3.86386,0.00757484
3.86787,0.00216435
3.87187,0.00216749
3.87588,0.0059399
3.87988,0.0168207
3.88388,0.0376858
3.88789,0.0754459
3.89189,0.114704
3.8959,0.155691
3.8999,0.18172
3.9039,0.191388
3.90791,0.197025
3.91191,0.192751
3.91592,0.165932
3.91992,0.134686
3.92392,0.102382
3.92793,0.0703923
3.93193,0.0429771
3.93594,0.0211669
3.93994,0.0118756
3.94394,0.00803488
3.94795,0.00611317
3.95195,0.00699157
3.95596,0.0176862
3.95996,0.0424187
3.96396,0.0692078
3.96797,0.101018
3.97197,0.129587
3.97598,0.158029
3.97998,0.171957
3.98398,0.167361
3.98799,0.156092
3.99199,0.13612
3.996,0.0960354
4,0.0653116
