# 20260615_151508
# initdata:	data/AuAu200_cc_(0,5)plus10/initdata.csv
# freezeout file: 	data/AuAu200_cc_(0,5)plus10/freezeout.csv
# particle mass:	0.828571
# NpT:	400
# pTmax:	4
# epsabs:	0
# epsrel:	1e-05
# integr iter:	10000
pT,spec
0,2388.77
0.0100251,2367.64
0.0200501,2306.9
0.0300752,2213.96
0.0401003,2099.52
0.0501253,1975.39
0.0601504,1852.21
0.0701754,1737.53
0.0802005,1634.7
0.0902256,1542.63
0.100251,1456.82
0.110276,1371.03
0.120301,1279.48
0.130326,1178.94
0.140351,1070.01
0.150376,957.374
0.160401,848.635
0.170426,752.111
0.180451,674.2
0.190476,617.184
0.200501,578.338
0.210526,550.776
0.220551,525.871
0.230576,496.405
0.240602,459.211
0.250627,416.206
0.260652,373.273
0.270677,337.381
0.280702,313.294
0.290727,301.172
0.300752,296.454
0.310777,291.992
0.320802,281.49
0.330827,262.545
0.340852,237.709
0.350877,212.996
0.360902,194.571
0.370927,185.4
0.380952,183.668
0.390977,183.874
0.401003,179.993
0.411028,168.902
0.421053,152.093
0.431078,134.665
0.441103,122.182
0.451128,117.317
0.461153,118.284
0.471178,120.063
0.481203,117.593
0.491228,108.94
0.501253,96.4143
0.511278,84.9398
0.521303,78.7751
0.531328,78.7424
0.541353,81.7963
0.551378,83.1753
0.561404,79.649
0.571429,71.6328
0.581454,62.7493
0.591479,57.1864
0.601504,56.7476
0.611529,59.6645
0.621554,61.975
0.631579,60.4228
0.641604,54.7577
0.651629,47.7868
0.661654,43.1956
0.671679,42.7962
0.681704,45.2485
0.691729,47.1696
0.701754,45.7373
0.711779,40.7906
0.721805,34.85
0.73183,31.1027
0.741855,30.9436
0.75188,32.9814
0.761905,34.2254
0.77193,32.4713
0.781955,27.9859
0.79198,23.1977
0.802005,20.6982
0.81203,21.2025
0.822055,23.0745
0.83208,23.7536
0.842105,21.8597
0.85213,18.255
0.862155,15.2402
0.87218,14.6079
0.882206,16.1895
0.892231,18.074
0.902256,18.2602
0.912281,16.3187
0.922306,13.68
0.932331,12.348
0.942356,13.1741
0.952381,15.1605
0.962406,16.3536
0.972431,15.5253
0.982456,13.1901
0.992481,11.1108
1.00251,10.7566
1.01253,12.0595
1.02256,13.5218
1.03258,13.5414
1.04261,11.7779
1.05263,9.38959
1.06266,7.97879
1.07268,8.20486
1.08271,9.27494
1.09273,9.71444
1.10276,8.69121
1.11278,6.71403
1.12281,5.12216
1.13283,4.8715
1.14286,5.71992
1.15288,6.517
1.16291,6.28785
1.17293,5.10801
1.18296,3.98674
1.19298,3.9025
1.20301,4.89578
1.21303,6.04283
1.22306,6.3138
1.23308,5.50736
1.24311,4.40953
1.25313,4.04912
1.26316,4.74985
1.27318,5.84683
1.28321,6.30883
1.29323,5.67678
1.30326,4.45837
1.31328,3.63705
1.32331,3.77039
1.33333,4.50951
1.34336,4.95941
1.35338,4.51802
1.36341,3.41038
1.37343,2.44485
1.38346,2.2503
1.39348,2.71875
1.40351,3.15583
1.41353,2.96479
1.42356,2.20284
1.43358,1.49641
1.44361,1.42304
1.45363,1.96424
1.46366,2.54337
1.47368,2.5922
1.48371,2.09012
1.49373,1.56407
1.50376,1.56427
1.51378,2.12943
1.52381,2.75253
1.53383,2.86919
1.54386,2.39285
1.55388,1.78666
1.56391,1.61356
1.57393,2.00206
1.58396,2.53522
1.59398,2.65615
1.60401,2.19347
1.61404,1.50852
1.62406,1.13877
1.63409,1.29287
1.64411,1.67791
1.65414,1.80834
1.66416,1.48187
1.67419,0.961797
1.68421,0.704235
1.69424,0.910065
1.70426,1.33962
1.71429,1.55911
1.72431,1.36583
1.73434,0.974598
1.74436,0.792394
1.75439,1.01178
1.76441,1.42321
1.77444,1.62249
1.78446,1.4026
1.79449,0.946343
1.80451,0.640528
1.81454,0.702174
1.82456,0.983581
1.83459,1.13638
1.84461,0.961263
1.85464,0.596732
1.86466,0.369399
1.87469,0.46552
1.88471,0.752778
1.89474,0.923161
1.90476,0.805987
1.91479,0.536695
1.92481,0.41584
1.93484,0.603841
1.94486,0.956851
1.95489,1.16539
1.96491,1.05592
1.97494,0.758458
1.98496,0.576267
1.99499,0.690203
2.00501,0.98627
2.01504,1.17025
2.02506,1.05117
2.03509,0.716189
2.04511,0.434624
2.05514,0.395508
2.06516,0.538836
2.07519,0.636671
2.08521,0.529933
2.09524,0.280447
2.10526,0.0945053
2.11529,0.107815
2.12531,0.255036
2.13534,0.351456
2.14536,0.29416
2.15539,0.170932
2.16541,0.164783
2.17544,0.354729
2.18546,0.620611
2.19549,0.753618
2.20551,0.663602
2.21554,0.473629
2.22556,0.403065
2.23559,0.552328
2.24561,0.801283
2.25564,0.922111
2.26566,0.796376
2.27569,0.525073
2.28571,0.327846
2.29574,0.333996
2.30576,0.469564
2.31579,0.544316
2.32581,0.444547
2.33584,0.239108
2.34586,0.100147
2.35589,0.126894
2.36591,0.252361
2.37594,0.321943
2.38596,0.256796
2.39599,0.132711
2.40602,0.0963852
2.41604,0.208898
2.42607,0.378584
2.43609,0.452087
2.44612,0.36971
2.45614,0.226232
2.46617,0.175331
2.47619,0.274513
2.48622,0.427156
2.49624,0.479431
2.50627,0.373806
2.51629,0.205193
2.52632,0.125131
2.53634,0.192023
2.54637,0.317648
2.55639,0.361268
2.56642,0.273946
2.57644,0.147212
2.58647,0.118515
2.59649,0.230542
2.60652,0.386495
2.61654,0.445647
2.62657,0.362551
2.63659,0.23096
2.64662,0.189765
2.65664,0.2857
2.66667,0.428258
2.67669,0.47881
2.68672,0.383511
2.69674,0.220163
2.70677,0.117815
2.71679,0.133394
2.72682,0.206658
2.73684,0.231242
2.74687,0.16368
2.75689,0.0602321
2.76692,0.0106787
2.77694,0.0436871
2.78697,0.102524
2.79699,0.112138
2.80702,0.0627517
2.81704,0.0203084
2.82707,0.0533993
2.83709,0.155163
2.84712,0.244406
2.85714,0.247336
2.86717,0.176144
2.87719,0.121688
2.88722,0.164309
2.89724,0.290931
2.90727,0.402191
2.91729,0.404439
2.92732,0.297332
2.93734,0.172386
2.94737,0.125666
2.95739,0.170594
2.96742,0.233493
2.97744,0.231049
2.98747,0.149916
2.99749,0.0528077
3.00752,0.0104779
3.01754,0.0335078
3.02757,0.0705153
3.03759,0.0687354
3.04762,0.0298489
3.05764,0.00340348
3.06767,0.0284305
3.07769,0.0879437
3.08772,0.125404
3.09774,0.105248
3.10777,0.0525692
3.11779,0.028886
3.12782,0.0682794
3.13784,0.140206
3.14787,0.178322
3.15789,0.146631
3.16792,0.075597
3.17794,0.0315127
3.18797,0.0503755
3.19799,0.103503
3.20802,0.129102
3.21805,0.0966202
3.22807,0.0380261
3.2381,0.0143501
3.24812,0.0526518
3.25815,0.117947
3.26817,0.148641
3.2782,0.119159
3.28822,0.0660503
3.29825,0.0512693
3.30827,0.0997204
3.3183,0.173462
3.32832,0.207577
3.33835,0.171425
3.34837,0.0953622
3.3584,0.039093
3.36842,0.0355255
3.37845,0.0653265
3.38847,0.0832789
3.3985,0.0653766
3.40852,0.0282319
3.41855,0.00505576
3.42857,0.00825232
3.4386,0.0197426
3.44862,0.0170844
3.45865,0.00355737
3.46867,0.00669681
3.4787,0.0456277
3.48872,0.103533
3.49875,0.138222
3.50877,0.123473
3.5188,0.0791263
3.52882,0.0563595
3.53885,0.089326
3.54887,0.159866
3.5589,0.211266
3.56892,0.199446
3.57895,0.133018
3.58897,0.0642007
3.599,0.0403286
3.60902,0.0629754
3.61905,0.0923596
3.62907,0.0893656
3.6391,0.0520682
3.64912,0.0123968
3.65915,0.000367082
3.66917,0.0146967
3.6792,0.028825
3.68922,0.0228091
3.69925,0.00530419
3.70927,0.002365
3.7193,0.026373
3.72932,0.0596991
3.73935,0.0715547
3.74937,0.0505457
3.7594,0.0180957
3.76942,0.00761107
3.77945,0.0303471
3.78947,0.0634332
3.7995,0.0729586
3.80952,0.0486938
3.81955,0.0146915
3.82957,0.00468456
3.8396,0.0274986
3.84962,0.0581542
3.85965,0.0639908
3.86967,0.03903
3.8797,0.0110357
3.88972,0.0135107
3.89975,0.0508223
3.90977,0.0921317
3.9198,0.100987
3.92982,0.0714488
3.93985,0.0347564
3.94987,0.0296044
3.9599,0.0649573
3.96992,0.111332
3.97995,0.128342
3.98997,0.101396
4,0.0529698
