# 20260616_141148
# initdata:	data/XeXe544_cc_(0,5)plus5/initdata.csv
# freezeout file: 	data/XeXe544_cc_(0,5)plus5/freezeout.csv
# particle mass:	1.78286
# NpT:	400
# pTmax:	4
# epsabs:	0
# epsrel:	1e-05
# integr iter:	10000
pT,spec
0,294737
0.0100251,282823
0.0200501,249375
0.0300752,200691
0.0401003,145503
0.0501253,92874.3
0.0601504,50153.1
0.0701754,21541.1
0.0802005,7599.38
0.0902256,5731.33
0.100251,11391
0.110276,19583.8
0.120301,26202.7
0.130326,28855.3
0.140351,27048.6
0.150376,21809.1
0.160401,14970.8
0.170426,8416.82
0.180451,3506.81
0.190476,815.273
0.200501,173.679
0.210526,922.91
0.220551,2239.75
0.230576,3418.94
0.240602,4039.55
0.250627,3999.79
0.260652,3447.71
0.270677,2657.35
0.280702,1901.98
0.290727,1363.84
0.300752,1099.6
0.310777,1058.99
0.320802,1136.91
0.330827,1230.74
0.340852,1278.45
0.350877,1266.37
0.360902,1212.31
0.370927,1140.61
0.380952,1065.78
0.390977,991.267
0.401003,918.161
0.411028,852.464
0.421053,803.527
0.431078,775.673
0.441103,761.92
0.451128,746.878
0.461153,717.652
0.471178,673.913
0.481203,628.094
0.491228,595.031
0.501253,579.519
0.511278,572.501
0.521303,559.258
0.531328,532.445
0.541353,498.355
0.551378,470.76
0.561404,457.914
0.571429,454.68
0.581454,447.179
0.591479,425.77
0.601504,394.265
0.611529,366.61
0.621554,353.976
0.631579,354.386
0.641604,354.731
0.651629,343.275
0.661654,320.632
0.671679,298.651
0.681704,288.443
0.691729,289.355
0.701754,289.8
0.711779,278.907
0.721805,257.268
0.73183,236.058
0.741855,225.668
0.75188,225.623
0.761905,225.932
0.77193,218.073
0.781955,203.835
0.79198,192.858
0.802005,191.848
0.81203,197.25
0.822055,199.145
0.83208,191.819
0.842105,179.384
0.85213,170.514
0.862155,168.553
0.87218,168.153
0.882206,161.955
0.892231,149.392
0.902256,137.461
0.912281,132.745
0.922306,134.118
0.932331,134.555
0.942356,129.676
0.952381,122.746
0.962406,120.232
0.972431,123.438
0.982456,126.454
0.992481,122.998
1.00251,113.857
1.01253,105.821
1.02256,103.396
1.03258,103.474
1.04261,99.6041
1.05263,90.5085
1.06266,82.2116
1.07268,80.8844
1.08271,85.2187
1.09273,87.9167
1.10276,84.5791
1.11278,78.9222
1.12281,77.7277
1.13283,81.8559
1.14286,84.7521
1.15288,80.4773
1.16291,71.1707
1.17293,64.4597
1.18296,64.0896
1.19298,65.7016
1.20301,63.0542
1.21303,56.5085
1.22306,52.6839
1.23308,55.7203
1.24311,61.5891
1.25313,62.9556
1.26316,58.3132
1.27318,53.498
1.28321,53.7079
1.29323,56.6068
1.30326,55.5575
1.31328,48.5848
1.32331,41.1686
1.33333,39.294
1.34336,42.0977
1.35338,43.6979
1.36341,41.3218
1.37343,38.6205
1.38346,40.0121
1.39348,44.1914
1.40351,45.7527
1.41353,42.4204
1.42356,37.7764
1.43358,35.9707
1.44361,36.1555
1.45363,34.4306
1.46366,30.1505
1.47368,27.2604
1.48371,28.6787
1.49373,31.9266
1.50376,32.4697
1.51378,30.043
1.52381,28.7882
1.53383,30.9303
1.54386,33.1722
1.55388,31.208
1.56391,25.9939
1.57393,22.7032
1.58396,23.7146
1.59398,25.6038
1.60401,24.3701
1.61404,21.2624
1.62406,20.7695
1.63409,23.7993
1.64411,26.0882
1.65414,24.2172
1.66416,20.4638
1.67419,19.4323
1.68421,21.4436
1.69424,22.3356
1.70426,19.8214
1.71429,16.9286
1.72431,17.4794
1.73434,20.3747
1.74436,21.1309
1.75439,18.319
1.76441,15.411
1.77444,15.5319
1.78446,17.0937
1.79449,16.6469
1.80451,14.3124
1.81454,13.5085
1.82456,15.5926
1.83459,17.7251
1.84461,17.1231
1.85464,15.0522
1.86466,14.5004
1.87469,15.3606
1.88471,14.7145
1.89474,11.7246
1.90476,9.37414
1.91479,10.1896
1.92481,12.496
1.93484,13.0019
1.94486,11.7218
1.95489,11.6458
1.96491,13.7517
1.97494,15.1866
1.98496,13.482
1.99499,10.2867
2.00501,8.90518
2.01504,9.54602
2.02506,9.58083
2.03509,8.1126
2.04511,7.47019
2.05514,9.30271
2.06516,11.5941
2.07519,11.4526
2.08521,9.36758
2.09524,8.31104
2.10526,9.18801
2.11529,9.75923
2.12531,8.49929
2.13534,7.07074
2.14536,7.54344
2.15539,8.99063
2.16541,8.96902
2.17544,7.40319
2.18546,6.56922
2.19549,7.30795
2.20551,7.73043
2.21554,6.52798
2.22556,5.38363
2.23559,6.38511
2.24561,8.53415
2.25564,9.06847
2.26566,7.60739
2.27569,6.54278
2.28571,7.10685
2.29574,7.47804
2.30576,5.93622
2.31579,3.89256
2.32581,3.84695
2.33584,5.54359
2.34586,6.47333
2.35589,5.82018
2.36591,5.47758
2.37594,6.64617
2.38596,7.68324
2.39599,6.70162
2.40602,4.6415
2.41604,3.86183
2.42607,4.61807
2.43609,5.04729
2.44612,4.3859
2.45614,4.01485
2.46617,4.83136
2.47619,5.58411
2.48622,4.97492
2.49624,3.87982
2.50627,3.90125
2.51629,4.72944
2.52632,4.78491
2.53634,4.00106
2.54637,3.95334
2.55639,5.06384
2.56642,5.65061
2.57644,4.55764
2.58647,3.04971
2.59649,2.81147
2.60652,3.37445
2.61654,3.21731
2.62657,2.57373
2.63659,3.09742
2.64662,4.87289
2.65664,5.85488
2.66667,4.87436
2.67669,3.39137
2.68672,3.16343
2.69674,3.65233
2.70677,3.28495
2.71679,2.25708
2.72682,2.17261
2.73684,3.26348
2.74687,3.94101
2.75689,3.37873
2.76692,2.74127
2.77694,3.08957
2.78697,3.62024
2.79699,3.18115
2.80702,2.35257
2.81704,2.49549
2.82707,3.42696
2.83709,3.69961
2.84712,2.96322
2.85714,2.38728
2.86717,2.55339
2.87719,2.55489
2.88722,1.81694
2.89724,1.34553
2.90727,2.10524
2.91729,3.28006
2.92732,3.47723
2.93734,2.9019
2.94737,2.83582
2.95739,3.35367
2.96742,3.21026
2.97744,2.07579
2.98747,1.25147
2.99749,1.60591
3.00752,2.2296
3.01754,2.05007
3.02757,1.59378
3.03759,1.91508
3.04762,2.63751
3.05764,2.54273
3.06767,1.68947
3.07769,1.39006
3.08772,2.06376
3.09774,2.60869
3.10777,2.28725
3.11779,1.85357
3.12782,2.08395
3.13784,2.37875
3.14787,1.86719
3.15789,1.01916
3.16792,0.924875
3.17794,1.50977
3.18797,1.77907
3.19799,1.58661
3.20802,1.7866
3.21805,2.53835
3.22807,2.81952
3.2381,2.08532
3.24812,1.22399
3.25815,1.14717
3.26817,1.4268
3.2782,1.24756
3.28822,0.90022
3.29825,1.18539
3.30827,1.84767
3.3183,1.8758
3.32832,1.20043
3.33835,0.838742
3.34837,1.22432
3.3584,1.58797
3.36842,1.37907
3.37845,1.18452
3.38847,1.57591
3.3985,1.98706
3.40852,1.62999
3.41855,0.847414
3.42857,0.553474
3.4386,0.775802
3.44862,0.809922
3.45865,0.59227
3.46867,0.788913
3.4787,1.47402
3.48872,1.81904
3.49875,1.41094
3.50877,0.912789
3.5188,0.928305
3.52882,1.06743
3.53885,0.790412
3.54887,0.448485
3.5589,0.654272
3.56892,1.13543
3.57895,1.13959
3.58897,0.687433
3.599,0.483326
3.60902,0.694398
3.61905,0.773752
3.62907,0.568464
3.6391,0.645573
3.64912,1.21533
3.65915,1.59963
3.66917,1.2653
3.6792,0.669879
3.68922,0.482574
3.69925,0.563743
3.70927,0.421069
3.7193,0.203011
3.72932,0.411545
3.73935,0.900338
3.74937,1.02427
3.7594,0.711942
3.76942,0.55573
3.77945,0.764998
3.78947,0.844453
3.7995,0.537754
3.80952,0.318845
3.81955,0.553785
3.82957,0.841637
3.8396,0.70088
3.84962,0.365939
3.85965,0.312544
3.86967,0.429816
3.8797,0.329526
3.88972,0.16106
3.89975,0.383565
3.90977,0.881782
3.9198,1.05261
3.92982,0.765299
3.93985,0.523857
3.94987,0.575697
3.9599,0.560158
3.96992,0.270274
3.97995,0.093854
3.98997,0.324552
4,0.607565
