# 20260616_155803
# initdata:	data/XeXe544_cc_(0,5)plus15/initdata.csv
# freezeout file: 	data/XeXe544_cc_(0,5)plus15/freezeout.csv
# particle mass:	1.43429
# NpT:	400
# pTmax:	4
# epsabs:	0
# epsrel:	1e-05
# integr iter:	10000
pT,spec
0,125783
0.0100251,122112
0.0200501,111613
0.0300752,95728.5
0.0401003,76568.2
0.0501253,56525.3
0.0601504,37867.2
0.0701754,22376.2
0.0802005,11110
0.0902256,4322.26
0.100251,1541.39
0.110276,1775.18
0.120301,3783.55
0.130326,6353.64
0.140351,8519.54
0.150376,9689.75
0.160401,9671.58
0.170426,8607.23
0.180451,6853.83
0.190476,4846.67
0.200501,2980.13
0.210526,1529.37
0.220551,619.788
0.230576,238.392
0.240602,272.485
0.250627,559.115
0.260652,931.504
0.270677,1253.93
0.280702,1441.69
0.290727,1466.31
0.300752,1348.32
0.310777,1140.81
0.320802,908.245
0.330827,706.077
0.340852,566.505
0.350877,494.315
0.360902,473
0.370927,477.334
0.380952,486.055
0.390977,488.859
0.401003,485.525
0.411028,479.616
0.421053,472.051
0.431078,459.161
0.441103,436.094
0.451128,402.28
0.461153,364.102
0.471178,332.065
0.481203,314.147
0.491228,310.196
0.501253,311.851
0.511278,308.363
0.521303,294.204
0.531328,272.736
0.541353,253.133
0.551378,242.925
0.561404,242.03
0.571429,243.013
0.581454,237.329
0.591479,222.429
0.601504,203.862
0.611529,190.591
0.621554,187.428
0.631579,190.951
0.641604,192.364
0.651629,184.88
0.661654,169.311
0.671679,153.112
0.681704,143.802
0.691729,142.599
0.701754,143.843
0.711779,140.551
0.721805,130.94
0.73183,119.932
0.741855,114.344
0.75188,116.317
0.761905,121.201
0.77193,121.874
0.781955,115.408
0.79198,105.722
0.802005,99.6865
0.81203,100.43
0.822055,104.292
0.83208,104.361
0.842105,97.1349
0.85213,85.8225
0.862155,77.128
0.87218,74.7649
0.882206,76.1466
0.892231,75.4322
0.902256,69.7147
0.912281,62.0143
0.922306,58.0764
0.932331,60.3507
0.942356,65.3965
0.952381,67.3688
0.962406,63.9101
0.972431,58.3028
0.982456,55.7102
0.992481,57.5698
1.00251,60.1079
1.01253,58.4966
1.02256,52.119
1.03258,45.251
1.04261,42.4532
1.05263,43.721
1.06266,44.6931
1.07268,41.664
1.08271,35.8541
1.09273,32.1819
1.10276,33.8535
1.11278,38.7394
1.12281,41.5786
1.13283,39.6053
1.14286,35.3833
1.15288,33.7228
1.16291,36.1472
1.17293,39.1081
1.18296,37.9346
1.19298,32.0884
1.20301,25.8349
1.21303,23.6427
1.22306,25.5023
1.23308,27.3481
1.24311,25.9098
1.25313,22.3617
1.26316,20.6922
1.27318,22.8805
1.28321,26.5632
1.29323,27.8164
1.30326,25.6585
1.31328,22.9607
1.32331,22.8158
1.33333,24.7797
1.34336,25.4544
1.35338,22.6286
1.36341,17.9731
1.37343,15.1144
1.38346,15.4855
1.39348,16.9463
1.40351,16.7031
1.41353,14.8274
1.42356,14.0405
1.43358,16.1067
1.44361,19.3662
1.45363,20.5135
1.46366,18.458
1.47368,15.5309
1.48371,14.5757
1.49373,15.5373
1.50376,15.7455
1.51378,13.4688
1.52381,10.2532
1.53383,9.10132
1.54386,10.7668
1.55388,12.8032
1.56391,12.5714
1.57393,10.4588
1.58396,9.30582
1.59398,10.7745
1.60401,13.2052
1.61404,13.6207
1.62406,11.35
1.63409,8.77186
1.64411,8.33077
1.65414,9.62377
1.66416,10.1517
1.67419,8.64237
1.68421,6.66658
1.69424,6.55796
1.70426,8.38995
1.71429,9.88379
1.72431,9.28953
1.73434,7.49808
1.74436,6.7342
1.75439,7.63116
1.76441,8.50432
1.77444,7.68507
1.78446,5.78871
1.79449,4.95025
1.80451,6.07607
1.81454,7.7214
1.82456,8.00688
1.83459,6.99326
1.84461,6.40616
1.85464,7.16772
1.86466,8.08138
1.87469,7.43001
1.88471,5.33651
1.89474,3.72328
1.90476,3.90977
1.91479,5.02357
1.92481,5.29783
1.93484,4.47994
1.94486,4.11993
1.95489,5.36655
1.96491,7.246
1.97494,7.7591
1.98496,6.38337
1.99499,4.6961
2.00501,4.32729
2.01504,4.95721
2.02506,4.94814
2.03509,3.66697
2.04511,2.36123
2.05514,2.47017
2.06516,3.7017
2.07519,4.45613
2.08521,3.97002
2.09524,3.26264
2.10526,3.64529
2.11529,4.86185
2.12531,5.38422
2.13534,4.43445
2.14536,2.9929
2.15539,2.47886
2.16541,2.94223
2.17544,3.18972
2.18546,2.56764
2.19549,1.88701
2.20551,2.23682
2.21554,3.37492
2.22556,3.95484
2.23559,3.28428
2.24561,2.21161
2.25564,1.95027
2.26566,2.48517
2.27569,2.73065
2.28571,2.15348
2.29574,1.56193
2.30576,1.96596
2.31579,3.10955
2.32581,3.72911
2.33584,3.19206
2.34586,2.27291
2.35589,2.03783
2.36591,2.4149
2.37594,2.40868
2.38596,1.59839
2.39599,0.793133
2.40602,0.939681
2.41604,1.83059
2.42607,2.4126
2.43609,2.23496
2.44612,1.99774
2.45614,2.45366
2.46617,3.2413
2.47619,3.31038
2.48622,2.35898
2.49624,1.28461
2.50627,1.02946
2.51629,1.41888
2.52632,1.55692
2.53634,1.15061
2.54637,0.881898
2.55639,1.34819
2.56642,2.12436
2.57644,2.2954
2.58647,1.70419
2.59649,1.15197
2.60652,1.28137
2.61654,1.72368
2.62657,1.68945
2.63659,1.13075
2.64662,0.816881
2.65664,1.23063
2.66667,1.86173
2.67669,1.89341
2.68672,1.30502
2.69674,0.851226
2.70677,0.987307
2.71679,1.27822
2.72682,1.09443
2.73684,0.555788
2.74687,0.366442
2.75689,0.801362
2.76692,1.31309
2.77694,1.31415
2.78697,0.99866
2.79699,1.02559
2.80702,1.52903
2.81704,1.87987
2.82707,1.54054
2.83709,0.802056
2.84712,0.380898
2.85714,0.478432
2.86717,0.626864
2.87719,0.473589
2.88722,0.316164
2.89724,0.613282
2.90727,1.21939
2.91729,1.49586
2.92732,1.16731
2.93734,0.697762
2.94737,0.644578
2.95739,0.911022
2.96742,0.95016
2.97744,0.596795
2.98747,0.316515
2.99749,0.524135
3.00752,0.969588
3.01754,1.07644
3.02757,0.736752
3.03759,0.424387
3.04762,0.492834
3.05764,0.692933
3.06767,0.593668
3.07769,0.260174
3.08772,0.1818
3.09774,0.55666
3.10777,0.984169
3.11779,1.01834
3.12782,0.77922
3.13784,0.740316
3.14787,1.01187
3.15789,1.16601
3.16792,0.854796
3.17794,0.323805
3.18797,0.087136
3.19799,0.24498
3.20802,0.418432
3.21805,0.354474
3.22807,0.28702
3.2381,0.531698
3.24812,0.940048
3.25815,1.04634
3.26817,0.713308
3.2782,0.338918
3.28822,0.317378
3.29825,0.52464
3.30827,0.551989
3.3183,0.322499
3.32832,0.188564
3.33835,0.388766
3.34837,0.677273
3.3584,0.667246
3.36842,0.375972
3.37845,0.17797
3.38847,0.256481
3.3985,0.371745
3.40852,0.272489
3.41855,0.113077
3.42857,0.236978
3.4386,0.640837
3.44862,0.922109
3.45865,0.809716
3.46867,0.519789
3.4787,0.429529
3.48872,0.550157
3.49875,0.555968
3.50877,0.300468
3.5188,0.0471906
3.52882,0.0849876
3.53885,0.311396
3.54887,0.400316
3.5589,0.291492
3.56892,0.264679
3.57895,0.489951
3.58897,0.733516
3.599,0.67106
3.60902,0.357187
3.61905,0.160995
3.62907,0.258088
3.6391,0.414171
3.64912,0.360465
3.65915,0.192933
3.66917,0.209716
3.6792,0.442011
3.68922,0.583695
3.69925,0.425809
3.70927,0.153981
3.7193,0.0769731
3.72932,0.197915
3.73935,0.259371
3.74937,0.173413
3.7594,0.171998
3.76942,0.440291
3.77945,0.783151
3.78947,0.842764
3.7995,0.574031
3.80952,0.296943
3.81955,0.255302
3.82957,0.320223
3.8396,0.245531
3.84962,0.0670662
3.85965,0.0465306
3.86967,0.258757
3.8797,0.455737
3.88972,0.418455
3.89975,0.270718
3.90977,0.283547
3.9198,0.461118
3.92982,0.528447
3.93985,0.343617
3.94987,0.123128
3.9599,0.142242
3.96992,0.347172
3.97995,0.444094
3.98997,0.325845
4,0.207164
