# 20260615_140325
qT,primespec
0,1465.16
0.004004,1467.22
0.00800801,1469.46
0.012012,1473.15
0.016016,1479.61
0.02002,1487.37
0.024024,1496.18
0.028028,1506.24
0.032032,1516.57
0.036036,1527.51
0.04004,1538.06
0.044044,1548.18
0.048048,1557.46
0.0520521,1564.48
0.0560561,1570.71
0.0600601,1573.63
0.0640641,1572.77
0.0680681,1570.49
0.0720721,1566.44
0.0760761,1556.45
0.0800801,1543.23
0.0840841,1526.94
0.0880881,1506.43
0.0920921,1483.62
0.0960961,1457.2
0.1001,1428.65
0.104104,1398.3
0.108108,1366.22
0.112112,1334.01
0.116116,1301.2
0.12012,1269.22
0.124124,1238.45
0.128128,1209.01
0.132132,1182.18
0.136136,1157.3
0.14014,1135.16
0.144144,1115.86
0.148148,1098.77
0.152152,1084.19
0.156156,1071.68
0.16016,1060.38
0.164164,1050.17
0.168168,1040.63
0.172172,1030.44
0.176176,1019.84
0.18018,1008.09
0.184184,994.437
0.188188,978.897
0.192192,961.441
0.196196,941.408
0.2002,919.597
0.204204,896.051
0.208208,870.84
0.212212,845.243
0.216216,818.825
0.22022,792.939
0.224224,768.035
0.228228,744.182
0.232232,722.768
0.236236,703.106
0.24024,685.979
0.244244,671.575
0.248248,659.132
0.252252,648.893
0.256256,640.478
0.26026,632.867
0.264264,625.81
0.268268,619.097
0.272272,611.4
0.276276,602.7
0.28028,592.725
0.284284,580.797
0.288288,566.875
0.292292,551.535
0.296296,534.15
0.3003,515.766
0.304304,496.746
0.308308,477.205
0.312312,458.596
0.316316,440.471
0.32032,424.02
0.324324,409.625
0.328328,396.886
0.332332,386.85
0.336336,378.648
0.34034,372.134
0.344344,367.369
0.348348,363.525
0.352352,359.677
0.356356,356.06
0.36036,351.965
0.364364,346.557
0.368368,339.848
0.372372,331.954
0.376376,322.186
0.38038,311.309
0.384384,299.586
0.388388,287.014
0.392392,274.869
0.396396,262.788
0.4004,251.853
0.404404,242.458
0.408408,234.262
0.412412,228.414
0.416416,223.884
0.42042,220.833
0.424424,219.392
0.428428,218.448
0.432432,217.44
0.436436,216.483
0.44044,215.234
0.444444,212.866
0.448448,209.043
0.452452,204.383
0.456456,198.11
0.46046,190.94
0.464464,183.296
0.468468,175.097
0.472472,167.511
0.476476,160.181
0.48048,154.009
0.484484,149.276
0.488488,145.446
0.492492,143.713
0.496496,142.875
0.500501,142.476
0.504505,142.743
0.508509,143.381
0.512513,143.547
0.516517,142.877
0.520521,141.668
0.524525,139.503
0.528529,135.715
0.532533,131.408
0.536537,126.12
0.540541,120.523
0.544545,115.108
0.548549,109.808
0.552553,105.677
0.556557,102.047
0.560561,99.7783
0.564565,99.292
0.568569,99.0376
0.572573,99.0631
0.576577,100.195
0.580581,101.322
0.584585,101.464
0.588589,101.519
0.592593,101.422
0.596597,99.6408
0.600601,96.813
0.604605,93.5772
0.608609,89.4652
0.612613,85.443
0.616617,81.2962
0.620621,77.7078
0.624625,75.0184
0.628629,72.8175
0.632633,72.2084
0.636637,72.3759
0.640641,72.6986
0.644645,73.5104
0.648649,74.9848
0.652653,75.7055
0.656657,75.9208
0.660661,76.0257
0.664665,75.3985
0.668669,73.273
0.672673,70.7855
0.676677,67.5828
0.680681,64.1131
0.684685,60.847
0.688689,57.6734
0.692693,55.5
0.696697,53.8561
0.700701,52.9034
0.704705,53.0249
0.708709,53.6324
0.712713,54.3749
0.716717,55.5767
0.720721,56.541
0.724725,56.5599
0.728729,56.377
0.732733,56.0253
0.736737,54.4421
0.740741,52.0969
0.744745,49.6203
0.748749,46.7426
0.752753,44.2121
0.756757,41.7852
0.760761,40.0271
0.764765,39.3907
0.768769,39.0078
0.772773,38.9313
0.776777,39.6605
0.780781,40.7281
0.784785,41.5485
0.788789,42.3241
0.792793,42.5714
0.796797,42.1166
0.800801,41.2671
0.804805,40.01
0.808809,37.9955
0.812813,35.9618
0.816817,33.8042
0.820821,31.9329
0.824825,30.7306
0.828829,29.7918
0.832833,29.5063
0.836837,29.8868
0.840841,30.5535
0.844845,31.3891
0.848849,32.5186
0.852853,33.0983
0.856857,33.2642
0.860861,33.349
0.864865,33.0252
0.868869,31.7534
0.872873,30.2981
0.876877,28.5597
0.880881,26.8097
0.884885,25.3815
0.888889,24.0897
0.892893,23.6448
0.896897,23.7236
0.900901,23.8956
0.904905,24.3346
0.908909,25.354
0.912913,26.2141
0.916917,26.8553
0.920921,27.2843
0.924925,27.1685
0.928929,26.5062
0.932933,25.6311
0.936937,24.2696
0.940941,22.6772
0.944945,21.2205
0.948949,19.7797
0.952953,18.9743
0.956957,18.5969
0.960961,18.3858
0.964965,18.538
0.968969,19.2411
0.972973,19.9756
0.976977,20.734
0.980981,21.3277
0.984985,21.3407
0.988989,21.1045
0.992993,20.7345
0.996997,19.8001
1.001,18.5073
1.00501,17.2582
1.00901,15.9292
1.01301,15.0073
1.01702,14.3817
1.02102,13.9903
1.02503,14.0463
1.02903,14.4783
1.03303,14.9963
1.03704,15.7006
1.04104,16.3256
1.04505,16.397
1.04905,16.3837
1.05305,16.3526
1.05706,15.7699
1.06106,14.7735
1.06507,13.799
1.06907,12.7043
1.07307,11.9105
1.07708,11.3554
1.08108,10.9974
1.08509,11.0393
1.08909,11.4361
1.09309,11.9353
1.0971,12.613
1.1011,13.298
1.10511,13.5814
1.10911,13.7467
1.11311,13.8016
1.11712,13.3963
1.12112,12.6431
1.12513,11.8521
1.12913,10.8941
1.13313,10.1448
1.13714,9.57176
1.14114,9.18387
1.14515,9.19128
1.14915,9.4781
1.15315,9.86107
1.15716,10.4362
1.16116,11.0689
1.16517,11.3832
1.16917,11.5887
1.17317,11.6651
1.17718,11.3405
1.18118,10.7077
1.18519,10.0149
1.18919,9.13695
1.19319,8.40512
1.1972,7.79486
1.2012,7.36345
1.20521,7.33559
1.20921,7.5042
1.21321,7.7479
1.21722,8.19256
1.22122,8.73356
1.22523,9.02365
1.22923,9.22121
1.23323,9.29971
1.23724,9.04594
1.24124,8.53393
1.24525,7.96586
1.24925,7.23246
1.25325,6.62851
1.25726,6.15144
1.26126,5.81351
1.26527,5.79855
1.26927,5.99863
1.27327,6.28031
1.27728,6.71768
1.28128,7.24142
1.28529,7.54752
1.28929,7.76774
1.29329,7.86038
1.2973,7.66378
1.3013,7.25315
1.30531,6.79189
1.30931,6.18366
1.31331,5.7052
1.31732,5.37823
1.32132,5.15164
1.32533,5.15919
1.32933,5.42443
1.33333,5.78425
1.33734,6.24921
1.34134,6.77661
1.34535,7.08492
1.34935,7.30371
1.35335,7.39828
1.35736,7.21404
1.36136,6.8146
1.36537,6.36569
1.36937,5.77182
1.37337,5.27263
1.37738,4.88874
1.38138,4.60879
1.38539,4.5841
1.38939,4.7292
1.39339,4.93575
1.3974,5.25367
1.4014,5.62317
1.40541,5.76172
1.40941,5.82052
1.41341,5.84367
1.41742,5.63013
1.42142,5.16867
1.42543,4.69063
1.42943,4.11597
1.43343,3.64577
1.43744,3.28996
1.44144,3.03214
1.44545,3.00403
1.44945,3.12507
1.45345,3.29905
1.45746,3.55946
1.46146,3.86363
1.46547,3.96293
1.46947,3.99334
1.47347,4.00515
1.47748,3.83734
1.48148,3.47564
1.48549,3.12223
1.48949,2.71063
1.49349,2.45882
1.4975,2.38675
1.5015,2.3444
1.50551,2.37254
1.50951,2.64975
1.51351,3.01884
1.51752,3.37589
1.52152,3.73445
1.52553,3.87637
1.52953,3.93724
1.53353,3.96251
1.53754,3.82432
1.54154,3.52083
1.54555,3.2411
1.54955,2.92709
1.55355,2.75875
1.55756,2.77615
1.56156,2.83137
1.56557,2.93842
1.56957,3.25889
1.57357,3.6438
1.57758,3.99072
1.58158,4.31072
1.58559,4.37943
1.58959,4.35714
1.59359,4.31444
1.5976,4.1165
1.6016,3.73751
1.60561,3.38996
1.60961,3.01464
1.61361,2.78616
1.61762,2.73606
1.62162,2.70786
1.62563,2.72527
1.62963,2.92698
1.63363,3.1739
1.63764,3.354
1.64164,3.50943
1.64565,3.53262
1.64965,3.41201
1.65365,3.22264
1.65766,2.93338
1.66166,2.53958
1.66567,2.18422
1.66967,1.81735
1.67367,1.59684
1.67768,1.53904
1.68168,1.50576
1.68569,1.51484
1.68969,1.66822
1.69369,1.85684
1.6977,1.97592
1.7017,2.07372
1.70571,2.08656
1.70971,1.97907
1.71371,1.81898
1.71772,1.60356
1.72172,1.34671
1.72573,1.1706
1.72973,1.0294
1.73373,0.956897
1.73774,1.00317
1.74174,1.14452
1.74575,1.3118
1.74975,1.54297
1.75375,1.76158
1.75776,1.8846
1.76176,1.97558
1.76577,1.98761
1.76977,1.8817
1.77377,1.73229
1.77778,1.54837
1.78178,1.35355
1.78579,1.29483
1.78979,1.2863
1.79379,1.28272
1.7978,1.36035
1.8018,1.58989
1.80581,1.81955
1.80981,2.06852
1.81381,2.24991
1.81782,2.28413
1.82182,2.30181
1.82583,2.29154
1.82983,2.1167
1.83383,1.8834
1.83784,1.65179
1.84184,1.42291
1.84585,1.32454
1.84985,1.28327
1.85385,1.2638
1.85786,1.32049
1.86186,1.49067
1.86587,1.6497
1.86987,1.8081
1.87387,1.91313
1.87788,1.89995
1.88188,1.84099
1.88589,1.75128
1.88989,1.54889
1.89389,1.32157
1.8979,1.10611
1.9019,0.912841
1.90591,0.862302
1.90991,0.866933
1.91391,0.876877
1.91792,0.939601
1.92192,1.1058
1.92593,1.2465
1.92993,1.36001
1.93393,1.43137
1.93794,1.41106
1.94194,1.33317
1.94595,1.23279
1.94995,1.06412
1.95395,0.908596
1.95796,0.81012
1.96196,0.734715
1.96597,0.718455
1.96997,0.793845
1.97397,0.921456
1.97798,1.0664
1.98198,1.25093
1.98599,1.37474
1.98999,1.45244
1.99399,1.4962
1.998,1.46114
2.002,1.33964
2.00601,1.20255
2.01001,1.02085
2.01401,0.865082
2.01802,0.773132
2.02202,0.705152
2.02603,0.689118
2.03003,0.749609
2.03403,0.848485
2.03804,0.951749
2.04204,1.07281
2.04605,1.11542
2.05005,1.10696
2.05405,1.08879
2.05806,1.02325
2.06206,0.868811
2.06607,0.718478
2.07007,0.5489
2.07407,0.438054
2.07808,0.41185
2.08208,0.398536
2.08609,0.398042
2.09009,0.471706
2.09409,0.593213
2.0981,0.684685
2.1021,0.771307
2.10611,0.800119
2.11011,0.775392
2.11411,0.729772
2.11812,0.65266
2.12212,0.535934
2.12613,0.461597
2.13013,0.414666
2.13413,0.38798
2.13814,0.411473
2.14214,0.514779
2.14615,0.643136
2.15015,0.796191
2.15415,0.955356
2.15816,1.05901
2.16216,1.1423
2.16617,1.16813
2.17017,1.12483
2.17417,1.05102
2.17818,0.956047
2.18218,0.833994
2.18619,0.775857
2.19019,0.758051
2.19419,0.748952
2.1982,0.778156
2.2022,0.898131
2.20621,1.03133
2.21021,1.17607
2.21421,1.29753
2.21822,1.32277
2.22222,1.33283
2.22623,1.33305
2.23023,1.23486
2.23423,1.07876
2.23824,0.924703
2.24224,0.757596
2.24625,0.645998
2.25025,0.567962
2.25425,0.521756
2.25826,0.530678
2.26226,0.583502
2.26627,0.641826
2.27027,0.707085
2.27427,0.760434
2.27828,0.758213
2.28228,0.723815
2.28629,0.67381
2.29029,0.57181
2.29429,0.449454
2.2983,0.332149
2.3023,0.223366
2.30631,0.18937
2.31031,0.190667
2.31431,0.193866
2.31832,0.213569
2.32232,0.288798
2.32633,0.363894
2.33033,0.413749
2.33433,0.448539
2.33834,0.443379
2.34234,0.404938
2.34635,0.357554
2.35035,0.279341
2.35435,0.21961
2.35836,0.210521
2.36236,0.208369
2.36637,0.208346
2.37037,0.258066
2.37437,0.362305
2.37838,0.458072
2.38238,0.561465
2.38639,0.621361
2.39039,0.640599
2.39439,0.651098
2.3984,0.634437
2.4024,0.55816
2.40641,0.479199
2.41041,0.389724
2.41441,0.325213
2.41842,0.319488
2.42242,0.327511
2.42643,0.341482
2.43043,0.398734
2.43443,0.49407
2.43844,0.568809
2.44244,0.639406
2.44645,0.669758
2.45045,0.653931
2.45445,0.61965
2.45846,0.564928
2.46246,0.467444
2.46647,0.380492
2.47047,0.297901
2.47447,0.242663
2.47848,0.239875
2.48248,0.260237
2.48649,0.290896
2.49049,0.350065
2.49449,0.429992
2.4985,0.478513
2.5025,0.514784
2.50651,0.529292
2.51051,0.500303
2.51451,0.444278
2.51852,0.378772
2.52252,0.294319
2.52653,0.243551
2.53053,0.219672
2.53453,0.205512
2.53854,0.213887
2.54254,0.27326
2.54655,0.351683
2.55055,0.432372
2.55455,0.511931
2.55856,0.542432
2.56256,0.557983
2.56657,0.563586
2.57057,0.524412
2.57457,0.45238
2.57858,0.381389
2.58258,0.301303
2.58659,0.262186
2.59059,0.254509
2.59459,0.250393
2.5986,0.259057
2.6026,0.313449
2.60661,0.377318
2.61061,0.429362
2.61461,0.472842
2.61862,0.476452
2.62262,0.455717
2.62663,0.424146
2.63063,0.362325
2.63463,0.280941
2.63864,0.204979
2.64264,0.130702
2.64665,0.09806
2.65065,0.0904948
2.65465,0.0864032
2.65866,0.090784
2.66266,0.122669
2.66667,0.156731
2.67067,0.17055
2.67467,0.179774
2.67868,0.176119
2.68268,0.145836
2.68669,0.110529
2.69069,0.063626
2.69469,0.0341373
2.6987,0.0314849
2.7027,0.0396233
2.70671,0.0546407
2.71071,0.0873169
2.71471,0.150964
2.71872,0.20987
2.72272,0.267048
2.72673,0.297287
2.73073,0.296668
2.73473,0.294776
2.73874,0.284713
2.74274,0.242429
2.74675,0.2097
2.75075,0.195845
2.75475,0.186902
2.75876,0.191462
2.76276,0.236838
2.76677,0.303825
2.77077,0.376531
2.77477,0.460115
2.77878,0.518107
2.78278,0.564381
2.78679,0.586552
2.79079,0.568772
2.79479,0.526332
2.7988,0.473893
2.8028,0.39621
2.80681,0.329464
2.81081,0.276848
2.81481,0.238579
2.81882,0.234284
2.82282,0.253667
2.82683,0.282388
2.83083,0.32405
2.83483,0.374926
2.83884,0.392893
2.84284,0.398627
2.84685,0.400915
2.85085,0.373593
2.85485,0.312664
2.85886,0.250682
2.86286,0.179065
2.86687,0.128712
2.87087,0.0970037
2.87487,0.076718
2.87888,0.0757172
2.88288,0.0984065
2.88689,0.132255
2.89089,0.16491
2.89489,0.198283
2.8989,0.205361
2.9029,0.199639
2.90691,0.18959
2.91091,0.161354
2.91491,0.119445
2.91892,0.0877874
2.92292,0.0598736
2.92693,0.0477357
2.93093,0.0558291
2.93493,0.0811767
2.93894,0.11345
2.94294,0.158775
2.94695,0.203653
2.95095,0.230543
2.95495,0.250657
2.95896,0.252478
2.96296,0.230749
2.96697,0.200499
2.97097,0.159913
2.97497,0.118448
2.97898,0.0987024
2.98298,0.0872361
2.98699,0.0820374
2.99099,0.0939682
2.99499,0.129251
2.999,0.165077
3.003,0.204127
3.00701,0.229677
3.01101,0.228744
3.01502,0.224213
3.01902,0.213927
3.02302,0.175114
3.02703,0.131176
3.03103,0.085101
3.03504,0.0510175
3.03904,0.0449307
3.04304,0.0480677
3.04705,0.0540986
3.05105,0.0709972
3.05506,0.109025
3.05906,0.140585
3.06306,0.164492
3.06707,0.178122
3.07107,0.172056
3.07508,0.154422
3.07908,0.132364
3.08308,0.0964513
3.08709,0.0766145
3.09109,0.0770183
3.0951,0.0800336
3.0991,0.0871525
3.1031,0.123241
3.10711,0.182492
3.11111,0.236194
3.11512,0.292444
3.11912,0.323875
3.12312,0.34173
3.12713,0.350603
3.13113,0.337091
3.13514,0.300182
3.13914,0.26223
3.14314,0.213841
3.14715,0.185043
3.15115,0.183306
3.15516,0.182789
3.15916,0.185149
3.16316,0.218076
3.16717,0.267228
3.17117,0.307955
3.17518,0.347937
3.17918,0.358967
3.18318,0.353229
3.18719,0.342195
3.19119,0.313427
3.1952,0.25875
3.1992,0.205394
3.2032,0.148139
3.20721,0.106928
3.21121,0.0827943
3.21522,0.0664848
3.21922,0.0633717
3.22322,0.0746349
3.22723,0.0913964
3.23123,0.103786
3.23524,0.115247
3.23924,0.117929
3.24324,0.107149
3.24725,0.0899213
3.25125,0.0680897
3.25526,0.0411944
3.25926,0.0188876
3.26326,0.00282822
3.26727,0.000602594
3.27127,0.00127943
3.27528,0.0112378
3.27928,0.0363005
3.28328,0.0567291
3.28729,0.0710934
3.29129,0.0715941
3.2953,0.0708977
3.2993,0.0685545
3.3033,0.0512415
3.30731,0.0371612
3.31131,0.0332206
3.31532,0.0309719
3.31932,0.031153
3.32332,0.0477114
3.32733,0.0835225
3.33133,0.118808
3.33534,0.159125
3.33934,0.188984
3.34334,0.210839
3.34735,0.223791
3.35135,0.218647
3.35536,0.198906
3.35936,0.175205
3.36336,0.139826
3.36737,0.110129
3.37137,0.0937399
3.37538,0.0820679
3.37938,0.0794826
3.38338,0.0943502
3.38739,0.120564
3.39139,0.147222
3.3954,0.17863
3.3994,0.190594
3.4034,0.19097
3.40741,0.191137
3.41141,0.180578
3.41542,0.146382
3.41942,0.111824
3.42342,0.0708709
3.42743,0.0464042
3.43143,0.0397593
3.43544,0.0361862
3.43944,0.0357732
3.44344,0.0514908
3.44745,0.0832834
3.45145,0.108393
3.45546,0.132777
3.45946,0.141417
3.46346,0.138298
3.46747,0.131996
3.47147,0.117457
3.47548,0.0913767
3.47948,0.073705
3.48348,0.0613985
3.48749,0.0543681
3.49149,0.0588945
3.4955,0.0807406
3.4995,0.109432
3.5035,0.143935
3.50751,0.180538
3.51151,0.203591
3.51552,0.221752
3.51952,0.227364
3.52352,0.214485
3.52753,0.19189
3.53153,0.16357
3.53554,0.126403
3.53954,0.0962017
3.54354,0.0681642
3.54755,0.0523286
3.55155,0.0523663
3.55556,0.0576587
3.55956,0.065223
3.56356,0.0805517
3.56757,0.0973729
3.57157,0.100661
3.57558,0.101751
3.57958,0.101739
3.58358,0.0882798
3.58759,0.0669067
3.59159,0.0458266
3.5956,0.0248595
3.5996,0.0115684
3.6036,0.00307605
3.60761,0.000974318
3.61161,0.00138351
3.61562,0.00707209
3.61962,0.0189956
3.62362,0.0247115
3.62763,0.0284408
3.63163,0.0271426
3.63564,0.0207975
3.63964,0.0143188
3.64364,0.00637842
3.64765,0.00294691
3.65165,0.00363614
3.65566,0.0113913
3.65966,0.0294545
3.66366,0.0511152
3.66767,0.077265
3.67167,0.1007
3.67568,0.123651
3.67968,0.132948
3.68368,0.131619
3.68769,0.128526
3.69169,0.119634
3.6957,0.0980116
3.6997,0.0801418
3.7037,0.0653816
3.70771,0.0558878
3.71171,0.057503
3.71572,0.0706668
3.71972,0.0892689
3.72372,0.114964
3.72773,0.146305
3.73173,0.169075
3.73574,0.188728
3.73974,0.196489
3.74374,0.189269
3.74775,0.174567
3.75175,0.154066
3.75576,0.122178
3.75976,0.0931421
3.76376,0.0629606
3.76777,0.0446232
3.77177,0.0428792
3.77578,0.0437596
3.77978,0.0453812
3.78378,0.0557393
3.78779,0.073484
3.79179,0.0826509
3.7958,0.0886069
3.7998,0.0908231
3.8038,0.0827185
3.80781,0.0674694
3.81181,0.0509322
3.81582,0.0314169
3.81982,0.0160259
3.82382,0.00353928
3.82783,0.000747444
3.83183,0.000894124
3.83584,0.00535254
3.83984,0.0199845
3.84384,0.0312335
3.84785,0.0407185
3.85185,0.0418004
3.85586,0.0404419
3.85986,0.0381347
3.86386,0.0289144
3.86787,0.0180127
3.87187,0.0108962
3.87588,0.00582395
3.87988,0.0043182
3.88388,0.00755757
3.88789,0.0192513
3.89189,0.033028
3.8959,0.0484503
3.8999,0.0600789
3.9039,0.0659901
3.90791,0.0697332
3.91191,0.0683583
3.91592,0.058059
3.91992,0.0455026
3.92392,0.0301734
3.92793,0.0166179
3.93193,0.00789828
3.93594,0.00277238
3.93994,0.00162341
3.94394,0.00344255
3.94795,0.0117624
3.95195,0.020155
3.95596,0.0271412
3.95996,0.0305373
3.96396,0.0287416
3.96797,0.0246236
3.97197,0.0170158
3.97598,0.00631391
3.97998,0.00349556
3.98398,0.00367361
3.98799,0.0041902
3.99199,0.00565895
3.996,0.0136071
4,0.0361656
