# 20260615_152743
qT,primespec
0,4333.01
0.004004,4310.87
0.00800801,4286.84
0.012012,4246.43
0.016016,4174.16
0.02002,4084.82
0.024024,3978.96
0.028028,3852.3
0.032032,3713.17
0.036036,3555.91
0.04004,3387.05
0.044044,3207.37
0.048048,3017.7
0.0520521,2824.7
0.0560561,2626.55
0.0600601,2430.37
0.0640641,2237.52
0.0680681,2050.39
0.0720721,1875.3
0.0760761,1709.75
0.0800801,1560.3
0.0840841,1426.48
0.0880881,1307.65
0.0920921,1207.97
0.0960961,1122.12
0.1001,1050.79
0.104104,993.149
0.108108,944.44
0.112112,902.059
0.116116,865.954
0.12012,830.593
0.124124,794.143
0.128128,756.798
0.132132,715.375
0.136136,669.482
0.14014,620.687
0.144144,568.492
0.148148,514.372
0.152152,461.855
0.156156,409.848
0.16016,363.426
0.164164,322.358
0.168168,287.385
0.172172,262.747
0.176176,242.789
0.18018,231.751
0.184184,228.568
0.188188,226.719
0.192192,226.775
0.196196,229.262
0.2002,231.129
0.204204,229.374
0.208208,224.587
0.212212,217.733
0.216216,204.91
0.22022,189.365
0.224224,172.056
0.228228,153.082
0.232232,135.674
0.236236,118.747
0.24024,105.656
0.244244,96.009
0.248248,88.9472
0.252252,87.621
0.256256,88.2385
0.26026,89.2723
0.264264,91.8016
0.268268,95.3589
0.272272,96.1696
0.276276,95.2953
0.28028,93.7108
0.284284,89.4598
0.288288,81.6621
0.292292,73.3419
0.296296,63.5765
0.3003,54.304
0.304304,45.8193
0.308308,38.6161
0.312312,34.7339
0.316316,32.1911
0.32032,30.998
0.324324,31.8419
0.328328,34.0037
0.332332,35.9622
0.336336,38.0178
0.34034,39.2615
0.344344,38.7224
0.348348,37.0951
0.352352,34.8276
0.356356,30.6918
0.36036,26.0707
0.364364,21.4147
0.368368,17.0667
0.372372,14.364
0.376376,12.3575
0.38038,11.3796
0.384384,11.9086
0.388388,13.4736
0.392392,15.2444
0.396396,17.6049
0.4004,19.5693
0.404404,20.264
0.408408,20.7019
0.412412,20.6478
0.416416,19.0201
0.42042,16.7714
0.424424,14.3027
0.428428,11.6746
0.432432,9.91793
0.436436,8.54134
0.44044,7.83856
0.444444,8.20817
0.448448,9.3867
0.452452,10.8014
0.456456,12.7707
0.46046,14.7086
0.464464,15.9065
0.468468,16.8324
0.472472,16.9953
0.476476,16.1535
0.48048,14.8422
0.484484,13.1172
0.488488,10.9192
0.492492,9.04159
0.496496,7.15508
0.500501,6.13951
0.504505,6.13217
0.508509,6.21894
0.512513,6.41916
0.516517,7.41635
0.520521,8.73343
0.524525,9.63664
0.528529,10.4196
0.532533,10.6059
0.536537,10.1827
0.540541,9.46629
0.544545,8.37799
0.548549,6.79485
0.552553,5.30044
0.556557,3.74351
0.560561,2.72404
0.564565,2.2513
0.568569,1.94826
0.572573,1.90214
0.576577,2.3307
0.580581,3.01677
0.584585,3.58402
0.588589,4.15022
0.592593,4.31677
0.596597,4.1762
0.600601,3.91695
0.604605,3.42053
0.608609,2.59949
0.612613,1.83451
0.616617,1.00358
0.620621,0.633451
0.624625,0.641595
0.628629,0.728662
0.632633,0.880855
0.636637,1.35833
0.640641,2.13062
0.644645,2.72076
0.648649,3.26599
0.652653,3.43277
0.656657,3.35957
0.660661,3.2164
0.664665,2.88059
0.668669,2.27019
0.672673,1.74938
0.676677,1.23231
0.680681,0.953894
0.684685,0.990383
0.688689,1.18526
0.692693,1.47108
0.696697,2.00091
0.700701,2.70364
0.704705,3.27302
0.708709,3.80696
0.712713,3.97854
0.716717,3.91458
0.720721,3.78484
0.724725,3.47392
0.728729,2.84911
0.732733,2.24103
0.736737,1.57842
0.740741,1.13369
0.744745,0.95078
0.748749,0.836771
0.752753,0.813925
0.756757,1.02336
0.760761,1.40116
0.764765,1.72692
0.768769,2.06749
0.772773,2.18975
0.776777,2.1593
0.780781,2.09433
0.784785,1.91544
0.788789,1.51164
0.792793,1.10046
0.796797,0.663794
0.800801,0.349399
0.804805,0.159611
0.808809,0.0627422
0.812813,0.0461094
0.816817,0.110427
0.820821,0.332513
0.824825,0.517319
0.828829,0.686493
0.832833,0.747052
0.836837,0.715623
0.840841,0.652844
0.844845,0.528605
0.848849,0.324649
0.852853,0.180994
0.856857,0.0730436
0.860861,0.034646
0.864865,0.0484009
0.868869,0.187269
0.872873,0.496535
0.876877,0.796498
0.880881,1.09969
0.884885,1.32695
0.888889,1.52175
0.892893,1.58803
0.896897,1.51884
0.900901,1.38848
0.904905,1.19706
0.908909,0.913799
0.912913,0.691369
0.916917,0.497802
0.920921,0.387176
0.924925,0.404755
0.928929,0.53044
0.932933,0.711269
0.936937,0.968905
0.940941,1.28933
0.944945,1.53709
0.948949,1.76076
0.952953,1.84417
0.956957,1.79604
0.960961,1.6967
0.964965,1.53041
0.968969,1.22995
0.972973,0.929526
0.976977,0.611807
0.980981,0.383173
0.984985,0.26164
0.988989,0.182993
0.992993,0.160583
0.996997,0.219196
1.001,0.350856
1.00501,0.471149
1.00901,0.600378
1.01301,0.657109
1.01702,0.650337
1.02102,0.634277
1.02503,0.586325
1.02903,0.458388
1.03303,0.329942
1.03704,0.188299
1.04104,0.103386
1.04505,0.0759887
1.04905,0.0613601
1.05305,0.0571462
1.05706,0.0858614
1.06106,0.152016
1.06507,0.187208
1.06907,0.209271
1.07307,0.217088
1.07708,0.18702
1.08108,0.132517
1.08509,0.0534132
1.08909,0.00603785
1.09309,0.00201622
1.0971,0.00780706
1.1011,0.0603835
1.10511,0.16131
1.10911,0.294786
1.11311,0.440033
1.11712,0.591358
1.12112,0.720494
1.12513,0.761252
1.12913,0.780433
1.13313,0.786341
1.13714,0.710609
1.14114,0.576628
1.14515,0.436795
1.14915,0.283721
1.15315,0.202329
1.15716,0.163203
1.16116,0.141418
1.16517,0.153961
1.16917,0.250765
1.17317,0.397085
1.17718,0.539728
1.18118,0.684995
1.18519,0.766931
1.18919,0.824704
1.19319,0.847051
1.1972,0.794832
1.2012,0.69047
1.20521,0.572302
1.20921,0.41998
1.21321,0.276204
1.21722,0.118566
1.22122,0.0486017
1.22523,0.0396133
1.22923,0.0376259
1.23323,0.0370175
1.23724,0.0607158
1.24124,0.132486
1.24525,0.182091
1.24925,0.215173
1.25325,0.229304
1.25726,0.213426
1.26126,0.181408
1.26527,0.140899
1.26927,0.0881066
1.27327,0.06611
1.27728,0.0631467
1.28128,0.0616033
1.28529,0.0670695
1.28929,0.107223
1.29329,0.164608
1.2973,0.210083
1.3013,0.249352
1.30531,0.25408
1.30931,0.242518
1.31331,0.223923
1.31732,0.179309
1.32132,0.119146
1.32533,0.0637709
1.32933,0.0206315
1.33333,0.0109288
1.33734,0.0201143
1.34134,0.0616372
1.34535,0.126091
1.34935,0.211986
1.35335,0.304512
1.35736,0.390867
1.36136,0.46366
1.36537,0.475733
1.36937,0.472008
1.37337,0.464983
1.37738,0.416662
1.38138,0.328336
1.38539,0.242578
1.38939,0.153223
1.39339,0.0853067
1.3974,0.0313379
1.4014,0.010927
1.40541,0.0105223
1.40941,0.0285439
1.41341,0.072952
1.41742,0.115142
1.42142,0.159922
1.42543,0.184463
1.42943,0.200219
1.43343,0.207038
1.43744,0.195089
1.44144,0.169743
1.44545,0.144054
1.44945,0.113847
1.45345,0.0938158
1.45746,0.0837628
1.46146,0.0773439
1.46547,0.0773284
1.46947,0.0842261
1.47347,0.089518
1.47748,0.0873224
1.48148,0.0812886
1.48549,0.0709873
1.48949,0.04822
1.49349,0.0272688
1.4975,0.00843462
1.5015,0.00204709
1.50551,0.001977
1.50951,0.0130761
1.51351,0.0746878
1.51752,0.138837
1.52152,0.211008
1.52553,0.282542
1.52953,0.358653
1.53353,0.408851
1.53754,0.423151
1.54154,0.431578
1.54555,0.42641
1.54955,0.373815
1.55355,0.306661
1.55756,0.230193
1.56156,0.158025
1.56557,0.115701
1.56957,0.085561
1.57357,0.0727922
1.57758,0.0897558
1.58158,0.144087
1.58559,0.209868
1.58959,0.289464
1.59359,0.368421
1.5976,0.428846
1.6016,0.478006
1.60561,0.486687
1.60961,0.469043
1.61361,0.439915
1.61762,0.387271
1.62162,0.308128
1.62563,0.231374
1.62963,0.15476
1.63363,0.0928771
1.63764,0.0402332
1.64164,0.015424
1.64565,0.0128637
1.64965,0.0208463
1.65365,0.0374739
1.65766,0.0584328
1.66166,0.0874085
1.66567,0.11083
1.66967,0.130257
1.67367,0.141513
1.67768,0.142812
1.68168,0.14345
1.68569,0.143038
1.68969,0.137814
1.69369,0.130886
1.6977,0.125052
1.7017,0.118701
1.70571,0.110657
1.70971,0.100157
1.71371,0.0871525
1.71772,0.0710635
1.72172,0.0517119
1.72573,0.0296676
1.72973,0.00729196
1.73373,0.00256559
1.73774,0.00373076
1.74174,0.0102919
1.74575,0.0243307
1.74975,0.0515954
1.75375,0.0937477
1.75776,0.135915
1.76176,0.179015
1.76577,0.20894
1.76977,0.231883
1.77377,0.244275
1.77778,0.236668
1.78178,0.213272
1.78579,0.184308
1.78979,0.141581
1.79379,0.0964964
1.7978,0.045649
1.8018,0.0165136
1.80581,0.0124038
1.80981,0.0143992
1.81381,0.0186412
1.81782,0.030423
1.82182,0.0643806
1.82583,0.101721
1.82983,0.13456
1.83383,0.155901
1.83784,0.15645
1.84184,0.155883
1.84585,0.153221
1.84985,0.13007
1.85385,0.099726
1.85786,0.0699397
1.86186,0.0424774
1.86587,0.025655
1.86987,0.0139243
1.87387,0.00930687
1.87788,0.0114694
1.88188,0.0207723
1.88589,0.0314274
1.88989,0.0415571
1.89389,0.0486962
1.8979,0.0479941
1.9019,0.0446476
1.90591,0.0395686
1.90991,0.0278349
1.91391,0.0207352
1.91792,0.020651
1.92192,0.0214194
1.92593,0.0232405
1.92993,0.0349571
1.93393,0.0569679
1.93794,0.0772939
1.94194,0.0991062
1.94595,0.111183
1.94995,0.117111
1.95395,0.120144
1.95796,0.114247
1.96196,0.0952554
1.96597,0.0741801
1.96997,0.0485497
1.97397,0.0265447
1.97798,0.00931775
1.98198,0.00216541
1.98599,0.00143821
1.98999,0.0059484
1.99399,0.0312783
1.998,0.0588406
2.002,0.0875986
2.00601,0.112173
2.01001,0.135219
2.01401,0.150132
2.01802,0.149811
2.02202,0.145402
2.02603,0.138261
2.03003,0.118972
2.03403,0.0943092
2.03804,0.0710506
2.04204,0.0479499
2.04605,0.028001
2.05005,0.00958956
2.05405,0.00399306
2.05806,0.00383754
2.06206,0.00411775
2.06607,0.00472819
2.07007,0.00904468
2.07407,0.0199405
2.07808,0.0306833
2.08208,0.0420784
2.08609,0.0549367
2.09009,0.0695825
2.09409,0.085018
2.0981,0.100851
2.1021,0.117072
2.10611,0.128114
2.11011,0.13566
2.11411,0.140111
2.11812,0.137165
2.12212,0.124952
2.12613,0.109557
2.13013,0.0866233
2.13413,0.0627247
2.13814,0.0402022
2.14214,0.0225098
2.14615,0.0183142
2.15015,0.0245786
2.15415,0.0394205
2.15816,0.061765
2.16216,0.101401
2.16617,0.147648
2.17017,0.194181
2.17417,0.236408
2.17818,0.262319
2.18218,0.282151
2.18619,0.288083
2.19019,0.272682
2.19419,0.245271
2.1982,0.210768
2.2022,0.16385
2.20621,0.12052
2.21021,0.0728614
2.21421,0.0478936
2.21822,0.0461885
2.22222,0.0464034
2.22623,0.0472085
2.23023,0.0656901
2.23423,0.104704
2.23824,0.138219
2.24224,0.172049
2.24625,0.191106
2.25025,0.198657
2.25425,0.202734
2.25826,0.196868
2.26226,0.171954
2.26627,0.143364
2.27027,0.110718
2.27427,0.0768876
2.27828,0.0456247
2.28228,0.0210568
2.28629,0.00961867
2.29029,0.00384944
2.29429,0.00190839
2.2983,0.0025398
2.3023,0.00934599
2.30631,0.022993
2.31031,0.0322875
2.31431,0.0402098
2.31832,0.0454619
2.32232,0.0493639
2.32633,0.0521036
2.33033,0.0539167
2.33433,0.0554144
2.33834,0.0574425
2.34234,0.0599248
2.34635,0.0609698
2.35035,0.0607743
2.35435,0.0602909
2.35836,0.0581898
2.36236,0.0510383
2.36637,0.0422933
2.37037,0.0321007
2.37437,0.0201194
2.37838,0.00445381
2.38238,0.00011151
2.38639,1.85257e-05
2.39039,0.000244147
2.39439,0.00868258
2.3984,0.0278589
2.4024,0.0469054
2.40641,0.0656239
2.41041,0.0860552
2.41441,0.103021
2.41842,0.107853
2.42242,0.110003
2.42643,0.110607
2.43043,0.100033
2.43443,0.0810998
2.43844,0.0625422
2.44244,0.0419997
2.44645,0.0225505
2.45045,0.00286729
2.45445,0.000295803
2.45846,0.000352137
2.46246,0.00290345
2.46647,0.0143117
2.47047,0.0261902
2.47447,0.0387517
2.47848,0.0469934
2.48248,0.0534658
2.48649,0.0560063
2.49049,0.0525327
2.49449,0.04581
2.4985,0.0376323
2.5025,0.027022
2.50651,0.0207226
2.51051,0.0175071
2.51451,0.0156263
2.51852,0.0164738
2.52252,0.0228137
2.52653,0.0310668
2.53053,0.0387494
2.53453,0.0455649
2.53854,0.0462154
2.54254,0.0440442
2.54655,0.040581
2.55055,0.0324879
2.55455,0.0207657
2.55856,0.00654542
2.56256,0.000335039
2.56657,6.28885e-05
2.57057,0.000444579
2.57457,0.00962824
2.57858,0.0316056
2.58258,0.0540283
2.58659,0.0767971
2.59059,0.101364
2.59459,0.123209
2.5986,0.132569
2.6026,0.137889
2.60661,0.139898
2.61061,0.130077
2.61461,0.110397
2.61862,0.0892249
2.62262,0.0637729
2.62663,0.0436819
2.63063,0.0267398
2.63463,0.0171141
2.63864,0.017066
2.64264,0.025573
2.64665,0.0403901
2.65065,0.0599397
2.65465,0.0866857
2.65866,0.111038
2.66266,0.134979
2.66667,0.14922
2.67067,0.153027
2.67467,0.155184
2.67868,0.152834
2.68268,0.136405
2.68669,0.115795
2.69069,0.0931149
2.69469,0.0686117
2.6987,0.0457235
2.7027,0.0249827
2.70671,0.015145
2.71071,0.0110151
2.71471,0.00879164
2.71872,0.00941253
2.72272,0.0177748
2.72673,0.0335336
2.73073,0.0481967
2.73473,0.0642901
2.73874,0.0785626
2.74274,0.0922539
2.74675,0.100817
2.75075,0.103769
2.75475,0.105531
2.75876,0.104573
2.76276,0.0959596
2.76677,0.0843766
2.77077,0.0706899
2.77477,0.0545499
2.77878,0.0384851
2.78278,0.0225773
2.78679,0.0131778
2.79079,0.00781248
2.79479,0.00500475
2.7988,0.0052037
2.8028,0.011872
2.80681,0.0273431
2.81081,0.0427766
2.81481,0.0605267
2.81882,0.0765792
2.82282,0.0927678
2.82683,0.101546
2.83083,0.101563
2.83483,0.101501
2.83884,0.0996585
2.84284,0.0864509
2.84685,0.0697377
2.85085,0.0526105
2.85485,0.0348413
2.85886,0.0186802
2.86286,0.00583599
2.86687,0.00279289
2.87087,0.00392027
2.87487,0.00840437
2.87888,0.0157329
2.88288,0.0277109
2.88689,0.0425829
2.89089,0.0556026
2.89489,0.0672907
2.8989,0.0711651
2.9029,0.0724113
2.90691,0.0729135
2.91091,0.0683069
2.91491,0.0574112
2.91892,0.0463082
2.92292,0.0339016
2.92693,0.0221158
2.93093,0.00946017
2.93493,0.00334488
2.93894,0.00261216
2.94294,0.00266937
2.94695,0.00278856
2.95095,0.00436709
2.95495,0.0105846
2.95896,0.0175697
2.96296,0.0233333
2.96697,0.0279924
2.97097,0.031151
2.97497,0.0335108
2.97898,0.0339328
2.98298,0.0331678
2.98699,0.0319384
2.99099,0.0300064
2.99499,0.0271953
2.999,0.0244234
3.003,0.0215921
3.00701,0.0188444
3.01101,0.0162714
3.01502,0.0138847
3.01902,0.0117966
3.02302,0.00985173
3.02703,0.00846909
3.03103,0.00761498
3.03504,0.00701705
3.03904,0.00694878
3.04304,0.00761244
3.04705,0.00870675
3.05105,0.0101465
3.05506,0.0122303
3.05906,0.014454
3.06306,0.0168277
3.06707,0.0192377
3.07107,0.0215076
3.07508,0.0236716
3.07908,0.0254877
3.08308,0.027232
3.08709,0.0282953
3.09109,0.0284318
3.0951,0.0284973
3.0991,0.0283709
3.1031,0.0267063
3.10711,0.0241437
3.11111,0.0209976
3.11512,0.0168517
3.11912,0.0123927
3.12312,0.00729451
3.12713,0.00404608
3.13113,0.00227076
3.13514,0.00130961
3.13914,0.00123911
3.14314,0.00349089
3.14715,0.0113143
3.15115,0.0197854
3.15516,0.0297208
3.15916,0.0397843
3.16316,0.0503578
3.16717,0.0587292
3.17117,0.0628164
3.17518,0.0656136
3.17918,0.065879
3.18318,0.0603798
3.18719,0.0519967
3.19119,0.042046
3.1952,0.0299994
3.1992,0.018937
3.2032,0.00797546
3.20721,0.00417958
3.21121,0.00484669
3.21522,0.008087
3.21922,0.0136472
3.22322,0.0242726
3.22723,0.0403814
3.23123,0.0555205
3.23524,0.0707458
3.23924,0.0810919
3.24324,0.0885805
3.24725,0.0927656
3.25125,0.0905541
3.25526,0.0828363
3.25926,0.0732308
3.26326,0.0590123
3.26727,0.0437967
3.27127,0.0277764
3.27528,0.015322
3.27928,0.0118161
3.28328,0.0109775
3.28729,0.0106033
3.29129,0.0132215
3.2953,0.0249609
3.2993,0.0403662
3.3033,0.0552862
3.30731,0.0698203
3.31131,0.0812154
3.31532,0.0910455
3.31932,0.0938802
3.32332,0.0920257
3.32733,0.0884548
3.33133,0.0813405
3.33534,0.0681885
3.33934,0.0545414
3.34334,0.0398221
3.34735,0.0269409
3.35135,0.0158725
3.35536,0.00837633
3.35936,0.00684005
3.36336,0.0088995
3.36737,0.0134003
3.37137,0.0201227
3.37538,0.0318501
3.37938,0.044872
3.38338,0.0576018
3.38739,0.068867
3.39139,0.0761369
3.3954,0.0818132
3.3994,0.0833676
3.4034,0.0798397
3.40741,0.0735904
3.41141,0.0650892
3.41542,0.0526557
3.41942,0.0400756
3.42342,0.0270081
3.42743,0.016566
3.43143,0.008799
3.43544,0.00409423
3.43944,0.00318743
3.44344,0.00554493
3.44745,0.0120049
3.45145,0.0197035
3.45546,0.0297191
3.45946,0.0393485
3.46346,0.0486733
3.46747,0.0552926
3.47147,0.0558026
3.47548,0.0558241
3.47948,0.0556326
3.48348,0.0498753
3.48749,0.0408581
3.49149,0.032082
3.4955,0.0225068
3.4995,0.0136417
3.5035,0.00448519
3.50751,0.00167494
3.51151,0.00161706
3.51552,0.00197373
3.51952,0.00264859
3.52352,0.00524753
3.52753,0.0110176
3.53153,0.0156213
3.53554,0.0197781
3.53954,0.0217314
3.54354,0.0222717
3.54755,0.0225429
3.55155,0.0218479
3.55556,0.0192398
3.55956,0.0166211
3.56356,0.0138794
3.56757,0.011697
3.57157,0.0106314
3.57558,0.00990851
3.57958,0.0096945
3.58358,0.0102533
3.58759,0.0110068
3.59159,0.0112365
3.5956,0.0113517
3.5996,0.0113661
3.6036,0.0104143
3.60761,0.00889612
3.61161,0.00729169
3.61562,0.00555321
3.61962,0.00496023
3.62362,0.00519014
3.62763,0.00571287
3.63163,0.00685846
3.63564,0.00989838
3.63964,0.013772
3.64364,0.0178233
3.64765,0.0219528
3.65165,0.0249772
3.65566,0.0275711
3.65966,0.0285259
3.66366,0.0276142
3.66767,0.0257605
3.67167,0.0230297
3.67568,0.0184593
3.67968,0.0136512
3.68368,0.00848964
3.68769,0.00450903
3.69169,0.00198907
3.6957,0.000669318
3.6997,0.000422906
3.7037,0.00121307
3.70771,0.00563173
3.71171,0.0114581
3.71572,0.0176289
3.71972,0.0239683
3.72372,0.0305393
3.72773,0.0364818
3.73173,0.0404794
3.73574,0.043708
3.73974,0.0449195
3.74374,0.0435717
3.74775,0.0407806
3.75175,0.0368923
3.75576,0.030575
3.75976,0.023796
3.76376,0.0164148
3.76777,0.0101246
3.77177,0.00554915
3.77578,0.00251326
3.77978,0.0017601
3.78378,0.00325758
3.78779,0.0088493
3.79179,0.0165168
3.7958,0.0264446
3.7998,0.0376438
3.8038,0.0492472
3.80781,0.0602591
3.81181,0.0681331
3.81582,0.0747607
3.81982,0.0774428
3.82382,0.0753671
3.82783,0.0708683
3.83183,0.0643796
3.83584,0.0533905
3.83984,0.0420546
3.84384,0.0293484
3.84785,0.0198945
3.85185,0.0158146
3.85586,0.013322
3.85986,0.0124549
3.86386,0.0166143
3.86787,0.027553
3.87187,0.0396791
3.87588,0.0540337
3.87988,0.0679564
3.88388,0.080849
3.88789,0.0910811
3.89189,0.092465
3.8959,0.0919369
3.8999,0.0909515
3.9039,0.0832829
3.90791,0.0697617
3.91191,0.0561601
3.91592,0.0410957
3.91992,0.0287855
3.92392,0.0175459
3.92793,0.0111625
3.93193,0.0108262
3.93594,0.0136304
3.93994,0.0182779
3.94394,0.0260509
3.94795,0.0380733
3.95195,0.0489168
3.95596,0.0596382
3.95996,0.065628
3.96396,0.0667355
3.96797,0.0673337
3.97197,0.0660017
3.97598,0.0577419
3.97998,0.0476464
3.98398,0.0368818
3.98799,0.025498
3.99199,0.0151701
3.996,0.00671892
4,0.0028319
