# 20251205_150131
# initdata:	data/PbPb276_cc_(0,5)/initdata.csv
# freezeout file: 	data/PbPb276_cc_(0,5)/freezeout.csv
# particle mass:	1.10857
# NpT:	400
# pTmax:	4
# epsabs:	0
# epsrel:	1e-05
# integr iter:	10000
pT,spec
0,101374
0.0100251,98994.4
0.0200501,92161.8
0.0300752,81736.1
0.0401003,68968.7
0.0501253,55277.9
0.0601504,42013.5
0.0701754,30260.8
0.0802005,20716.9
0.0902256,13652.3
0.100251,8950.39
0.110276,6208.13
0.120301,4868.27
0.130326,4356.83
0.140351,4196.71
0.150376,4075.5
0.160401,3856.29
0.170426,3537.12
0.180451,3181.71
0.190476,2853.01
0.200501,2576.18
0.210526,2339.74
0.220551,2121.52
0.230576,1914.61
0.240602,1732.83
0.250627,1594.54
0.260652,1501.2
0.270677,1430.8
0.280702,1352.94
0.290727,1252.6
0.300752,1141.65
0.310777,1047.13
0.320802,986.38
0.330827,951.151
0.340852,915.238
0.350877,858.628
0.360902,785.474
0.370927,718.941
0.380952,678.054
0.390977,659.249
0.401003,640.674
0.411028,604.621
0.421053,555.026
0.431078,512.272
0.441103,491.049
0.451128,484.889
0.461153,473.66
0.471178,445.504
0.481203,409.084
0.491228,382.836
0.501253,373.7
0.511278,369.507
0.521303,353.482
0.531328,323.826
0.541353,295.469
0.551378,282.134
0.561404,280.177
0.571429,273.538
0.581454,253.639
0.591479,229.928
0.601504,218.049
0.611529,220.312
0.621554,222.724
0.631579,212.32
0.641604,193.048
0.651629,180.241
0.661654,180.786
0.671679,184.359
0.681704,176.828
0.691729,158.373
0.701754,142.912
0.711779,139.897
0.721805,142.55
0.73183,137.717
0.741855,123.723
0.75188,112.254
0.761905,112.179
0.77193,117.609
0.781955,116.256
0.79198,106.169
0.802005,97.7151
0.81203,98.5142
0.822055,102.73
0.83208,99.5249
0.842105,88.3465
0.85213,79.3732
0.862155,78.9398
0.87218,81.0339
0.882206,76.7286
0.892231,67.3775
0.902256,62.4025
0.912281,65.3556
0.922306,68.8996
0.932331,65.7744
0.942356,59.1683
0.952381,57.2684
0.962406,60.629
0.972431,61.442
0.982456,55.4768
0.992481,48.3669
1.00251,46.8952
1.01253,48.8787
1.02256,47.0685
1.03258,40.7172
1.04261,36.7966
1.05263,39.1338
1.06266,42.4643
1.07268,40.5732
1.08271,35.7216
1.09273,34.732
1.10276,38.0929
1.11278,39.1961
1.12281,34.7021
1.13283,29.6406
1.14286,29.4484
1.15288,31.7452
1.16291,30.6335
1.17293,26.217
1.18296,24.1186
1.19298,26.2138
1.20301,27.734
1.21303,25.1509
1.22306,21.7658
1.23308,22.046
1.24311,24.2616
1.25313,23.4926
1.26316,19.838
1.27318,18.2444
1.28321,20.3643
1.29323,21.9492
1.30326,19.9201
1.31328,17.2743
1.32331,17.825
1.33333,19.7401
1.34336,18.6437
1.35338,14.9563
1.36341,13.2045
1.37343,14.6092
1.38346,15.3859
1.39348,13.3793
1.40351,11.6974
1.41353,13.3111
1.42356,15.8869
1.43358,15.5491
1.44361,13.1245
1.45363,12.4296
1.46366,13.7543
1.47368,13.597
1.48371,10.8141
1.49373,8.5807
1.50376,9.04951
1.51378,10.0305
1.52381,9.15778
1.53383,8.01784
1.54386,9.10521
1.55388,11.143
1.56391,11.0494
1.57393,9.11761
1.58396,8.40058
1.59398,9.44751
1.60401,9.53908
1.61404,7.60954
1.62406,6.17722
1.63409,6.99735
1.64411,8.1078
1.65414,7.32878
1.66416,5.96488
1.67419,6.29668
1.68421,7.46661
1.69424,7.02544
1.70426,5.3011
1.71429,4.85484
1.72431,6.06425
1.73434,6.62271
1.74436,5.67401
1.75439,5.18515
1.76441,6.2533
1.77444,7.04055
1.78446,5.97069
1.79449,4.43595
1.80451,4.28898
1.81454,4.72514
1.82456,4.04659
1.83459,2.92804
1.84461,3.23573
1.85464,4.60348
1.86466,4.99804
1.87469,4.2485
1.88471,4.18708
1.89474,5.20484
1.90476,5.46297
1.91479,4.16263
1.92481,2.99674
1.93484,3.23492
1.94486,3.68986
1.95489,3.07435
1.96491,2.34859
1.97494,2.86413
1.98496,3.8033
1.99499,3.58139
2.00501,2.6184
2.01504,2.4938
2.02506,3.13142
2.03509,3.11738
2.04511,2.41185
2.05514,2.41712
2.06516,3.33789
2.07519,3.72529
2.08521,3.02254
2.09524,2.45596
2.10526,2.73232
2.11529,2.8263
2.12531,2.00764
2.13534,1.27832
2.14536,1.58407
2.15539,2.15895
2.16541,2.03474
2.17544,1.83513
2.18546,2.4937
2.19549,3.31248
2.20551,3.04559
2.21554,2.09829
2.22556,1.83082
2.23559,2.22325
2.24561,2.09894
2.25564,1.38164
2.26566,1.21878
2.27569,1.82987
2.28571,2.09322
2.29574,1.5846
2.30576,1.27843
2.31579,1.68715
2.32581,1.94323
2.33584,1.47857
2.34586,1.11646
2.35589,1.55452
2.36591,2.08666
2.37594,1.91024
2.38596,1.54763
2.39599,1.77385
2.40602,2.11688
2.41604,1.7287
2.42607,0.967469
2.43609,0.763239
2.44612,1.00953
2.45614,0.9549
2.46617,0.733704
2.47619,1.08132
2.48622,1.79843
2.49624,1.93777
2.50627,1.44356
2.51629,1.21421
2.52632,1.47491
2.53634,1.46313
2.54637,0.946596
2.55639,0.700106
2.56642,1.0718
2.57644,1.33627
2.58647,1.0167
2.59649,0.696255
2.60652,0.867788
2.61654,1.0397
2.62657,0.739922
2.63659,0.453952
2.64662,0.718294
2.65664,1.11097
2.66667,1.04667
2.67669,0.853947
2.68672,1.10226
2.69674,1.4679
2.70677,1.28302
2.71679,0.740556
2.72682,0.531464
2.73684,0.643586
2.74687,0.543465
2.75689,0.284752
2.76692,0.393742
2.77694,0.798931
2.78697,0.898467
2.79699,0.651959
2.80702,0.618612
2.81704,0.877845
2.82707,0.888
2.83709,0.539109
2.84712,0.39234
2.85714,0.652584
2.86717,0.807698
2.87719,0.585381
2.88722,0.413103
2.89724,0.562187
2.90727,0.64055
2.91729,0.371068
2.92732,0.135962
2.93734,0.265749
2.94737,0.459667
2.95739,0.421553
2.96742,0.437652
2.97744,0.765286
2.98747,1.02858
2.99749,0.8305
3.00752,0.464261
3.01754,0.394765
3.02757,0.480128
3.03759,0.347769
3.04762,0.142014
3.05764,0.221694
3.06767,0.441431
3.07769,0.417252
3.08772,0.247106
3.09774,0.293571
3.10777,0.467818
3.11779,0.410621
3.12782,0.215912
3.13784,0.283824
3.14787,0.563816
3.15789,0.629283
3.16792,0.44779
3.17794,0.39926
3.18797,0.536558
3.19799,0.501514
3.20802,0.227516
3.21805,0.0750629
3.22807,0.169793
3.2381,0.226186
3.24812,0.155848
3.25815,0.237999
3.26817,0.518726
3.2782,0.634329
3.28822,0.448913
3.29825,0.305099
3.30827,0.398828
3.3183,0.449382
3.32832,0.268527
3.33835,0.131586
3.34837,0.255825
3.3584,0.392572
3.36842,0.294234
3.37845,0.149443
3.38847,0.185178
3.3985,0.243325
3.40852,0.139124
3.41855,0.0634872
3.42857,0.222588
3.4386,0.417021
3.44862,0.394454
3.45865,0.309865
3.46867,0.408634
3.4787,0.537177
3.48872,0.417028
3.49875,0.163956
3.50877,0.0817425
3.5188,0.142209
3.52882,0.117256
3.53885,0.0494099
3.54887,0.136743
3.5589,0.293154
3.56892,0.275705
3.57895,0.141808
3.58897,0.14239
3.599,0.251115
3.60902,0.235361
3.61905,0.123294
3.62907,0.157517
3.6391,0.321827
3.64912,0.350302
3.65915,0.202433
3.66917,0.111252
3.6792,0.145106
3.68922,0.127867
3.69925,0.0266606
3.70927,0.021903
3.7193,0.139114
3.72932,0.190911
3.73935,0.147064
3.74937,0.190443
3.7594,0.333514
3.76942,0.350807
3.77945,0.186895
3.78947,0.0713068
3.7995,0.117606
3.80952,0.15567
3.81955,0.0845602
3.82957,0.050427
3.8396,0.131362
3.84962,0.171218
3.85965,0.0843654
3.86967,0.0218283
3.8797,0.0764139
3.88972,0.116464
3.89975,0.0718674
3.90977,0.0908658
3.9198,0.238859
3.92982,0.329138
3.93985,0.242013
3.94987,0.138668
3.9599,0.161981
3.96992,0.190875
3.97995,0.100151
3.98997,0.00820014
4,0.0444216
