# 20260616_113528
qT,primespec
0,69657.7
0.004004,69146.7
0.00800801,68593.7
0.012012,67670.7
0.016016,66038.3
0.02002,64048.4
0.024024,61735.5
0.028028,59023
0.032032,56106.7
0.036036,52893.1
0.04004,49518.4
0.044044,46018.2
0.048048,42411.4
0.0520521,38811.5
0.0560561,35204.8
0.0600601,31681.2
0.0640641,28271.9
0.0680681,25002.3
0.0720721,21934.5
0.0760761,19060.3
0.0800801,16428.8
0.0840841,14039.4
0.0880881,11897.7
0.0920921,10024.7
0.0960961,8382.45
0.1001,6996.74
0.104104,5829.85
0.108108,4865.04
0.112112,4111.2
0.116116,3497.31
0.12012,3044.55
0.124124,2713.47
0.128128,2467.21
0.132132,2324.38
0.136136,2221.12
0.14014,2175.33
0.144144,2175.66
0.148148,2177.08
0.152152,2182.8
0.156156,2210.49
0.16016,2242.24
0.164164,2268.08
0.168168,2291.27
0.172172,2302.68
0.176176,2309.51
0.18018,2312.51
0.184184,2304.18
0.188188,2282.73
0.192192,2255.47
0.196196,2213.32
0.2002,2161.19
0.204204,2099.69
0.208208,2026.55
0.212212,1948.06
0.216216,1861.24
0.22022,1772.02
0.224224,1682.4
0.228228,1593.21
0.232232,1510.92
0.236236,1433.28
0.24024,1364.61
0.244244,1306.04
0.248248,1255.03
0.252252,1213.32
0.256256,1178.99
0.26026,1148.68
0.264264,1121.57
0.268268,1096.63
0.272272,1069.75
0.276276,1041.22
0.28028,1010.75
0.284284,976.991
0.288288,940.926
0.292292,905.187
0.296296,868.702
0.3003,835.167
0.304304,805.726
0.308308,779.713
0.312312,760.537
0.316316,745.66
0.32032,734.469
0.324324,727.152
0.328328,721.499
0.332332,714.659
0.336336,706.769
0.34034,697.075
0.344344,683.492
0.348348,665.907
0.352352,646.642
0.356356,624.328
0.36036,601.998
0.364364,581.066
0.368368,561.404
0.372372,546.377
0.376376,534.21
0.38038,525.292
0.384384,520.139
0.388388,516.414
0.392392,512.106
0.396396,507.474
0.4004,501.637
0.404404,492.484
0.408408,479.636
0.412412,465.12
0.416416,447.496
0.42042,429.469
0.424424,412.402
0.428428,396.214
0.432432,384.317
0.436436,374.701
0.44044,368.504
0.444444,366.34
0.448448,365.07
0.452452,363.547
0.456456,361.924
0.46046,359.658
0.464464,354.693
0.468468,346.053
0.472472,336.131
0.476476,323.555
0.48048,310.628
0.484484,298.712
0.488488,287.586
0.492492,280.411
0.496496,275.126
0.500501,272.304
0.504505,272.521
0.508509,273.213
0.512513,273.378
0.516517,272.408
0.520521,270.579
0.524525,266.534
0.528529,258.761
0.532533,250.188
0.536537,239.839
0.540541,229.7
0.544545,221.064
0.548549,213.415
0.552553,209.428
0.556557,207.21
0.560561,206.09
0.564565,206.287
0.568569,206.858
0.572573,206.922
0.576577,204.709
0.580581,200.957
0.584585,195.673
0.588589,187.933
0.592593,180.283
0.596597,172.144
0.600601,165.339
0.604605,161.001
0.608609,157.691
0.612613,156.862
0.616617,157.809
0.620621,158.771
0.624625,158.901
0.628629,158.95
0.632633,158.777
0.636637,155.5
0.640641,150.432
0.644645,144.972
0.648649,138.53
0.652653,133.454
0.656657,128.978
0.660661,126.259
0.664665,126.305
0.668669,126.94
0.672673,127.759
0.676677,129.249
0.680681,130.449
0.684685,129.859
0.688689,127.495
0.692693,124.392
0.696697,119.287
0.700701,113.563
0.704705,108.464
0.708709,103.629
0.712713,101.377
0.716717,100.503
0.720721,100.065
0.724725,100.582
0.728729,102.092
0.732733,102.672
0.736737,101.852
0.740741,100.288
0.744745,97.5626
0.748749,92.8014
0.752753,88.1657
0.756757,83.2239
0.760761,79.4344
0.764765,78.0567
0.768769,77.2242
0.772773,77.0654
0.776777,78.7504
0.780781,80.6981
0.784785,81.088
0.788789,81.2503
0.792793,81.2048
0.796797,78.8213
0.800801,75.1411
0.804805,71.556
0.808809,67.6549
0.812813,65.6837
0.816817,64.9218
0.820821,64.5251
0.824825,65.1922
0.828829,67.5293
0.832833,69.2754
0.836837,70.2832
0.840841,70.8962
0.844845,70.2503
0.848849,67.6432
0.852853,64.6978
0.856857,61.0191
0.860861,57.6819
0.864865,55.8977
0.868869,54.613
0.872873,54.2366
0.876877,55.2898
0.880881,56.7117
0.884885,57.346
0.888889,57.7705
0.892893,57.8628
0.896897,56.1303
0.900901,53.2425
0.904905,50.2193
0.908909,46.6753
0.912913,44.3539
0.916917,42.9344
0.920921,42.0903
0.924925,42.3906
0.928929,43.7846
0.932933,44.9636
0.936937,45.7713
0.940941,46.3083
0.944945,45.9214
0.948949,44.1372
0.952953,42.1088
0.956957,39.5077
0.960961,37.2808
0.964965,36.5744
0.968969,36.202
0.972973,36.1095
0.976977,37.3113
0.980981,39.085
0.984985,39.988
0.988989,40.6291
0.992993,40.8359
0.996997,39.6573
1.001,37.6356
1.00501,35.5534
1.00901,33.1154
1.01301,31.8215
1.01702,31.3988
1.02102,31.1706
1.02503,31.5114
1.02903,32.9034
1.03303,33.7148
1.03704,33.8088
1.04104,33.856
1.04505,33.408
1.04905,31.4612
1.05305,29.4445
1.05706,27.2829
1.06106,25.6256
1.06507,25.4445
1.06907,25.4831
1.07307,25.5627
1.07708,26.5288
1.08108,27.7758
1.08509,27.9232
1.08909,27.7828
1.09309,27.5318
1.0971,26.2438
1.1011,24.3955
1.10511,23.0153
1.10911,21.7515
1.11311,21.2466
1.11712,21.6467
1.12112,22.4235
1.12513,23.3233
1.12913,24.5548
1.13313,25.1454
1.13714,24.862
1.14114,24.2414
1.14515,23.2261
1.14915,21.3456
1.15315,19.7901
1.15716,18.6445
1.16116,17.8552
1.16517,17.8942
1.16917,18.5876
1.17317,19.3574
1.17718,20.1372
1.18118,20.7932
1.18519,20.7443
1.18919,19.9924
1.19319,19.0251
1.1972,17.5589
1.2012,16.1406
1.20521,15.664
1.20921,15.436
1.21321,15.3568
1.21722,16.0691
1.22122,17.3291
1.22523,18.1056
1.22923,18.7037
1.23323,18.9568
1.23724,18.4006
1.24124,17.333
1.24525,16.2251
1.24925,14.861
1.25325,14.2215
1.25726,14.233
1.26126,14.2648
1.26527,14.474
1.26927,15.3222
1.27327,15.8603
1.27728,15.764
1.28128,15.5201
1.28529,15.0002
1.28929,13.675
1.29329,12.4112
1.2973,11.3245
1.3013,10.5012
1.30531,10.4248
1.30931,10.7228
1.31331,11.1181
1.31732,11.6861
1.32132,12.2683
1.32533,12.315
1.32933,11.9588
1.33333,11.4635
1.33734,10.5756
1.34134,9.67855
1.34535,9.52819
1.34935,9.55395
1.35335,9.60351
1.35736,10.2057
1.36136,11.3317
1.36537,12.0717
1.36937,12.6465
1.37337,12.9136
1.37738,12.5679
1.38138,11.8524
1.38539,11.1267
1.38939,10.2324
1.39339,9.77636
1.3974,9.84428
1.4014,10.0153
1.40541,10.2991
1.40941,10.9123
1.41341,11.3028
1.41742,11.1483
1.42142,10.757
1.42543,10.1503
1.42943,8.95878
1.43343,7.86652
1.43744,6.99431
1.44144,6.33676
1.44545,6.2611
1.44945,6.53806
1.45345,6.89416
1.45746,7.2915
1.46146,7.68304
1.46547,7.71199
1.46947,7.35052
1.47347,6.88291
1.47748,6.27223
1.48148,5.68437
1.48549,5.59984
1.48949,5.84363
1.49349,6.23107
1.4975,6.9453
1.5015,7.96103
1.50551,8.55357
1.50951,8.93694
1.51351,9.11533
1.51752,8.78872
1.52152,8.0892
1.52553,7.47124
1.52953,6.80859
1.53353,6.45941
1.53754,6.5561
1.54154,6.80117
1.54555,7.08936
1.54955,7.52238
1.55355,7.79714
1.55756,7.63761
1.56156,7.22273
1.56557,6.68044
1.56957,5.78845
1.57357,5.08434
1.57758,4.70754
1.58158,4.44838
1.58559,4.44529
1.58959,4.83482
1.59359,5.27528
1.5976,5.52825
1.6016,5.72402
1.60561,5.71714
1.60961,5.31908
1.61361,4.85181
1.61762,4.42943
1.62162,4.05781
1.62563,4.00388
1.62963,4.25673
1.63363,4.6278
1.63764,5.10864
1.64164,5.66782
1.64565,5.80381
1.64965,5.73185
1.65365,5.60203
1.65766,5.20269
1.66166,4.5832
1.66567,4.24188
1.66967,4.0319
1.67367,3.92986
1.67768,4.09993
1.68168,4.51205
1.68569,4.77971
1.68969,4.95353
1.69369,5.04412
1.6977,4.85167
1.7017,4.38929
1.70571,3.98675
1.70971,3.56845
1.71371,3.33217
1.71772,3.43035
1.72172,3.72373
1.72573,4.07333
1.72973,4.60947
1.73373,4.99917
1.73774,4.9903
1.74174,4.92908
1.74575,4.79457
1.74975,4.29499
1.75375,3.83993
1.75776,3.64009
1.76176,3.50363
1.76577,3.50086
1.76977,3.80594
1.77377,4.14527
1.77778,4.26674
1.78178,4.34647
1.78579,4.32676
1.78979,3.89632
1.79379,3.34772
1.7978,2.79791
1.8018,2.29087
1.80581,2.17107
1.80981,2.22945
1.81381,2.33476
1.81782,2.57959
1.82182,2.99209
1.82583,3.12883
1.82983,3.11624
1.83383,3.09027
1.83784,2.91116
1.84184,2.58111
1.84585,2.48741
1.84985,2.56377
1.85385,2.70606
1.85786,3.01727
1.86186,3.59889
1.86587,4.0401
1.86987,4.361
1.87387,4.5475
1.87788,4.43251
1.88188,4.08209
1.88589,3.71863
1.88989,3.25057
1.89389,2.95261
1.8979,2.9551
1.9019,3.0045
1.90591,3.0837
1.90991,3.29892
1.91391,3.48687
1.91792,3.42782
1.92192,3.20401
1.92593,2.90875
1.92993,2.38581
1.93393,1.93421
1.93794,1.68389
1.94194,1.50426
1.94595,1.46969
1.94995,1.67125
1.95395,1.96242
1.95796,2.15737
1.96196,2.3276
1.96597,2.36878
1.96997,2.21828
1.97397,2.03433
1.97798,1.91512
1.98198,1.81639
1.98599,1.79947
1.98999,2.01311
1.99399,2.35109
1.998,2.66132
2.002,2.99295
2.00601,3.09915
2.01001,3.00881
2.01401,2.84819
2.01802,2.56449
2.02202,2.15363
2.02603,1.9401
2.03003,1.8412
2.03403,1.7898
2.03804,1.87225
2.04204,2.1359
2.04605,2.29102
2.05005,2.34026
2.05405,2.36549
2.05806,2.26056
2.06206,1.95135
2.06607,1.71453
2.07007,1.52802
2.07407,1.41534
2.07808,1.4717
2.08208,1.69994
2.08609,1.93984
2.09009,2.19765
2.09409,2.39333
2.0981,2.37012
2.1021,2.23309
2.10611,2.05513
2.11011,1.72765
2.11411,1.46968
2.11812,1.41291
2.12212,1.38605
2.12613,1.38511
2.13013,1.54326
2.13413,1.73482
2.13814,1.74144
2.14214,1.69757
2.14615,1.62124
2.15015,1.34353
2.15415,1.05593
2.15816,0.894471
2.16216,0.774843
2.16617,0.743008
2.17017,0.889358
2.17417,1.14842
2.17818,1.36144
2.18218,1.57671
2.18619,1.65567
2.19019,1.59819
2.19419,1.50525
2.1982,1.40343
2.2022,1.28453
2.20621,1.24433
2.21021,1.35687
2.21421,1.56015
2.21822,1.78569
2.22222,2.07504
2.22623,2.19579
2.23023,2.16707
2.23423,2.10498
2.23824,1.94639
2.24224,1.61174
2.24625,1.35046
2.25025,1.14259
2.25425,1.01342
2.25826,1.0271
2.26226,1.11671
2.26627,1.17424
2.27027,1.19054
2.27427,1.19933
2.27828,1.13895
2.28228,0.918409
2.28629,0.72057
2.29029,0.528242
2.29429,0.409907
2.2983,0.422463
2.3023,0.529685
2.30631,0.668615
2.31031,0.852821
2.31431,1.02857
2.31832,1.04449
2.32232,1.02537
2.32633,0.994484
2.33033,0.886352
2.33433,0.783785
2.33834,0.790351
2.34234,0.874129
2.34635,0.989392
2.35035,1.19248
2.35435,1.40742
2.35836,1.4384
2.36236,1.44143
2.36637,1.43973
2.37037,1.25992
2.37437,1.00571
2.37838,0.824286
2.38238,0.667109
2.38639,0.611682
2.39039,0.667757
2.39439,0.771086
2.3984,0.861422
2.4024,0.957724
2.40641,0.9994
2.41041,0.931844
2.41441,0.8185
2.41842,0.708608
2.42242,0.588221
2.42643,0.541285
2.43043,0.598601
2.43443,0.716963
2.43844,0.853628
2.44244,1.0439
2.44645,1.14111
2.45045,1.1214
2.45445,1.07562
2.45846,0.974055
2.46246,0.753916
2.46647,0.585958
2.47047,0.465375
2.47447,0.389815
2.47848,0.395968
2.48248,0.467374
2.48649,0.524586
2.49049,0.54171
2.49449,0.551721
2.4985,0.518303
2.5025,0.39315
2.50651,0.335547
2.51051,0.335935
2.51451,0.337008
2.51852,0.367941
2.52252,0.548757
2.52653,0.782637
2.53053,0.97092
2.53453,1.12759
2.53854,1.14198
2.54254,1.09662
2.54655,1.0333
2.55055,0.90371
2.55455,0.781486
2.55856,0.769151
2.56256,0.800394
2.56657,0.847665
2.57057,0.9554
2.57457,1.08631
2.57858,1.10284
2.58258,1.06486
2.58659,1.00396
2.59059,0.837204
2.59459,0.628131
2.5986,0.477154
2.6026,0.349645
2.60661,0.300865
2.61061,0.333008
2.61461,0.397684
2.61862,0.443592
2.62262,0.482446
2.62663,0.500431
2.63063,0.439051
2.63463,0.344251
2.63864,0.286595
2.64264,0.241906
2.64665,0.223452
2.65065,0.281769
2.65465,0.430724
2.65866,0.573892
2.66266,0.728494
2.66667,0.812613
2.67067,0.797835
2.67467,0.76196
2.67868,0.696824
2.68268,0.564259
2.68669,0.497059
2.69069,0.502645
2.69469,0.517627
2.6987,0.553499
2.7027,0.664603
2.70671,0.744631
2.71071,0.737364
2.71471,0.717382
2.71872,0.664684
2.72272,0.513781
2.72673,0.405571
2.73073,0.354658
2.73473,0.322271
2.73874,0.332181
2.74274,0.441513
2.74675,0.581784
2.75075,0.680319
2.75475,0.762333
2.75876,0.7672
2.76276,0.699462
2.76677,0.616064
2.77077,0.510333
2.77477,0.417945
2.77878,0.405463
2.78278,0.433422
2.78679,0.473961
2.79079,0.535026
2.79479,0.606424
2.7988,0.614844
2.8028,0.561298
2.80681,0.484426
2.81081,0.34753
2.81481,0.220012
2.81882,0.174085
2.82282,0.151524
2.82683,0.14243
2.83083,0.181379
2.83483,0.285357
2.83884,0.346539
2.84284,0.377563
2.84685,0.391664
2.85085,0.35544
2.85485,0.299103
2.85886,0.290092
2.86286,0.317081
2.86687,0.363849
2.87087,0.461616
2.87487,0.632136
2.87888,0.764538
2.88288,0.873184
2.88689,0.930628
2.89089,0.893072
2.89489,0.802038
2.8989,0.697314
2.9029,0.5503
2.90691,0.464293
2.91091,0.447877
2.91491,0.438786
2.91892,0.443159
2.92292,0.489708
2.92693,0.529069
2.93093,0.507265
2.93493,0.448654
2.93894,0.368414
2.94294,0.235565
2.94695,0.156602
2.95095,0.127186
2.95495,0.109722
2.95896,0.11256
2.96296,0.176905
2.96697,0.269664
2.97097,0.305786
2.97497,0.33075
2.97898,0.327496
2.98298,0.264815
2.98699,0.216264
2.99099,0.202683
2.99499,0.194495
2.999,0.199622
3.003,0.270705
3.00701,0.371859
3.01101,0.4319
3.01502,0.480839
3.01902,0.485951
3.02302,0.427139
3.02703,0.353224
3.03103,0.270894
3.03504,0.199074
3.03904,0.186373
3.04304,0.214717
3.04705,0.260721
3.05105,0.322878
3.05506,0.40373
3.05906,0.426109
3.06306,0.410375
3.06707,0.383928
3.07107,0.32181
3.07508,0.245934
3.07908,0.229201
3.08308,0.246008
3.08709,0.276356
3.09109,0.339921
3.0951,0.453023
3.0991,0.514833
3.1031,0.540597
3.10711,0.5529
3.11111,0.510332
3.11512,0.406409
3.11912,0.314964
3.12312,0.219053
3.12713,0.171107
3.13113,0.17387
3.13514,0.185152
3.13914,0.196496
3.14314,0.209866
3.14715,0.218874
3.15115,0.193167
3.15516,0.134309
3.15916,0.090286
3.16316,0.0523952
3.16717,0.0360837
3.17117,0.0505315
3.17518,0.122911
3.17918,0.221625
3.18318,0.322375
3.18719,0.398067
3.19119,0.406044
3.1952,0.409161
3.1992,0.40634
3.2032,0.366228
3.20721,0.332735
3.21121,0.344965
3.21522,0.38945
3.21922,0.446192
3.22322,0.541247
3.22723,0.620983
3.23123,0.62243
3.23524,0.61445
3.23924,0.59473
3.24324,0.487143
3.24725,0.364636
3.25125,0.260334
3.25526,0.177342
3.25926,0.158432
3.26326,0.173466
3.26727,0.197322
3.27127,0.22277
3.27528,0.252361
3.27928,0.259804
3.28328,0.22374
3.28729,0.178738
3.29129,0.139883
3.2953,0.106166
3.2993,0.0990599
3.3033,0.134433
3.30731,0.200877
3.31131,0.264916
3.31532,0.337118
3.31932,0.361282
3.32332,0.344774
3.32733,0.315331
3.33133,0.254274
3.33534,0.174738
3.33934,0.150491
3.34334,0.148232
3.34735,0.147229
3.35135,0.166632
3.35536,0.232186
3.35936,0.264781
3.36336,0.265427
3.36737,0.265709
3.37137,0.23655
3.37538,0.172507
3.37938,0.152527
3.38338,0.159379
3.38739,0.173894
3.39139,0.21353
3.3954,0.316358
3.3994,0.412897
3.4034,0.483819
3.40741,0.530196
3.41141,0.518515
3.41542,0.469565
3.41942,0.416925
3.42342,0.34634
3.42743,0.298763
3.43143,0.301731
3.43544,0.324313
3.43944,0.352428
3.44344,0.397038
3.44745,0.435963
3.45145,0.427395
3.45546,0.383422
3.45946,0.325893
3.46346,0.226358
3.46747,0.142523
3.47147,0.0923212
3.47548,0.05913
3.47948,0.0513039
3.48348,0.0740793
3.48749,0.11457
3.49149,0.128377
3.4955,0.135763
3.4995,0.136713
3.5035,0.106841
3.50751,0.0812619
3.51151,0.0843497
3.51552,0.107078
3.51952,0.142446
3.52352,0.211529
3.52753,0.307484
3.53153,0.367778
3.53554,0.415619
3.53954,0.430877
3.54354,0.396076
3.54755,0.343095
3.55155,0.290757
3.55556,0.236067
3.55956,0.21793
3.56356,0.234739
3.56757,0.265121
3.57157,0.298904
3.57558,0.342344
3.57958,0.360238
3.58358,0.33598
3.58759,0.292255
3.59159,0.227119
3.5956,0.145221
3.5996,0.113466
3.6036,0.106059
3.60761,0.10237
3.61161,0.114536
3.61562,0.171749
3.61962,0.219973
3.62362,0.235545
3.62763,0.244362
3.63163,0.230209
3.63564,0.179733
3.63964,0.142437
3.64364,0.116574
3.64765,0.100883
3.65165,0.107006
3.65566,0.140807
3.65966,0.171075
3.66366,0.186007
3.66767,0.195454
3.67167,0.184436
3.67568,0.137499
3.67968,0.0916616
3.68368,0.0398671
3.68769,0.0179229
3.69169,0.0195982
3.6957,0.0408592
3.6997,0.0764091
3.7037,0.115329
3.70771,0.152242
3.71171,0.155289
3.71572,0.148753
3.71972,0.141283
3.72372,0.131493
3.72773,0.123481
3.73173,0.131581
3.73574,0.179265
3.73974,0.242447
3.74374,0.314681
3.74775,0.382582
3.75175,0.390722
3.75576,0.386982
3.75976,0.379838
3.76376,0.32278
3.76777,0.24376
3.77177,0.182003
3.77578,0.127667
3.77978,0.108948
3.78378,0.114319
3.78779,0.122852
3.79179,0.126832
3.7958,0.129331
3.7998,0.130098
3.8038,0.104196
3.80781,0.0652848
3.81181,0.0318069
3.81582,0.00917539
3.81982,0.00494835
3.82382,0.0121532
3.82783,0.0472676
3.83183,0.0829641
3.83584,0.113969
3.83984,0.128114
3.84384,0.118742
3.84785,0.101671
3.85185,0.0831522
3.85586,0.061311
3.85986,0.0527015
3.86386,0.065478
3.86787,0.095903
3.87187,0.12806
3.87588,0.168015
3.87988,0.18944
3.88388,0.182294
3.88789,0.166187
3.89189,0.136214
3.8959,0.0848421
3.8999,0.0625722
3.9039,0.0588734
3.90791,0.0569353
3.91191,0.062284
3.91592,0.0979003
3.91992,0.135585
3.92392,0.146508
3.92793,0.153135
3.93193,0.146035
3.93594,0.110663
3.93994,0.0853236
3.94394,0.0724129
3.94795,0.0643305
3.95195,0.0680128
3.95596,0.0997705
3.95996,0.13981
3.96396,0.165914
3.96797,0.186346
3.97197,0.184911
3.97598,0.15757
3.97998,0.123627
3.98398,0.0750342
3.98799,0.0398606
3.99199,0.0286498
3.996,0.023879
4,0.0201886
