# 20260616_120537
# initdata:	data/PbPb276_cc_(0,5)plus15/initdata.csv
# freezeout file: 	data/PbPb276_cc_(0,5)plus15/freezeout.csv
# particle mass:	0.451429
# NpT:	400
# pTmax:	4
# epsabs:	0
# epsrel:	1e-05
# integr iter:	10000
pT,spec
0,26079.4
0.0100251,25510.5
0.0200501,23867.1
0.0300752,21331.2
0.0401003,18180.2
0.0501253,14747.9
0.0601504,11373.5
0.0701754,8346.99
0.0802005,5861.67
0.0902256,3989.51
0.100251,2688.47
0.110276,1840.56
0.120301,1306.5
0.130326,973.714
0.140351,777.491
0.150376,689.799
0.160401,689.445
0.170426,738.144
0.180451,781.319
0.190476,772.353
0.200501,699.619
0.210526,592.117
0.220551,496.38
0.230576,441.45
0.240602,419.818
0.250627,399.386
0.260652,354.818
0.270677,290.108
0.280702,232.494
0.290727,204.985
0.300752,204.42
0.310777,205.908
0.320802,188.102
0.330827,153.395
0.340852,123.179
0.350877,114.286
0.360902,121.788
0.370927,125.602
0.380952,112.594
0.390977,89.8098
0.401003,75.1769
0.411028,77.0512
0.421053,85.6198
0.431078,84.9016
0.441103,70.7725
0.451128,54.5098
0.461153,48.8113
0.471178,53.3237
0.481203,56.2026
0.491228,48.7946
0.501253,35.4788
0.511278,27.5325
0.521303,29.3727
0.531328,33.9982
0.541353,32.3899
0.551378,24.5757
0.561404,18.8486
0.571429,20.8849
0.581454,26.7552
0.591479,28.2099
0.601504,22.9895
0.611529,17.1107
0.621554,16.787
0.631579,20.6695
0.641604,22.0406
0.651629,17.5637
0.661654,11.2092
0.671679,8.79448
0.681704,10.7016
0.691729,12.0976
0.701754,9.73168
0.711779,6.0752
0.721805,5.62992
0.73183,8.76453
0.741855,11.3268
0.75188,10.2349
0.761905,7.38113
0.77193,6.7999
0.781955,9.16975
0.79198,11.0219
0.802005,9.45209
0.81203,5.8626
0.822055,3.90374
0.83208,4.68646
0.842105,5.70942
0.85213,4.60213
0.862155,2.33987
0.87218,1.67744
0.882206,3.25205
0.892231,4.795
0.902256,4.35648
0.912281,2.93143
0.922306,2.91374
0.932331,4.66636
0.942356,5.98014
0.952381,5.06842
0.962406,2.91575
0.972431,1.85652
0.982456,2.48964
0.992481,3.14358
1.00251,2.40425
1.01253,1.05451
1.02256,0.830845
1.03258,1.92777
1.04261,2.78146
1.05263,2.30988
1.06266,1.37127
1.07268,1.44754
1.08271,2.50987
1.09273,3.07391
1.10276,2.28152
1.11278,1.04563
1.12281,0.729708
1.13283,1.31341
1.14286,1.59377
1.15288,1.00323
1.16291,0.398484
1.17293,0.759388
1.18296,1.73539
1.19298,2.11944
1.20301,1.53303
1.21303,0.916688
1.22306,1.17163
1.23308,1.90553
1.24311,2.01687
1.25313,1.22708
1.26316,0.407663
1.27318,0.331697
1.28321,0.685879
1.29323,0.677489
1.30326,0.252027
1.31328,0.134481
1.32331,0.695117
1.33333,1.34429
1.34336,1.34732
1.35338,0.868715
1.36341,0.733957
1.37343,1.24587
1.38346,1.7431
1.39348,1.50881
1.40351,0.737005
1.41353,0.231041
1.42356,0.321491
1.43358,0.532097
1.44361,0.377912
1.45363,0.0741531
1.46366,0.153265
1.47368,0.617928
1.48371,0.901028
1.49373,0.681207
1.50376,0.34753
1.51378,0.433983
1.52381,0.846786
1.53383,0.995815
1.54386,0.629302
1.55388,0.175937
1.56391,0.131663
1.57393,0.392986
1.58396,0.473507
1.59398,0.24538
1.60401,0.115794
1.61404,0.402299
1.62406,0.833431
1.63409,0.900012
1.64411,0.548108
1.65414,0.232773
1.66416,0.280639
1.67419,0.479166
1.68421,0.438771
1.69424,0.16126
1.70426,0.000453113
1.71429,0.122254
1.72431,0.281722
1.73434,0.225823
1.74436,0.0955133
1.75439,0.21693
1.76441,0.588061
1.77444,0.824768
1.78446,0.666063
1.79449,0.328711
1.80451,0.213918
1.81454,0.381805
1.82456,0.513659
1.83459,0.375069
1.84461,0.111658
1.85464,0.000142631
1.86466,0.0628171
1.87469,0.0980278
1.88471,0.0290185
1.89474,0.0205749
1.90476,0.197592
1.91479,0.410484
1.92481,0.417478
1.93484,0.224428
1.94486,0.0831346
1.95489,0.145971
1.96491,0.270646
1.97494,0.242942
1.98496,0.0832037
1.99499,0.000616613
2.00501,0.0832269
2.01504,0.182725
2.02506,0.147128
2.03509,0.044877
2.04511,0.0545169
2.05514,0.194133
2.06516,0.289643
2.07519,0.218445
2.08521,0.069115
2.09524,0.000346386
2.10526,0.0264906
2.11529,0.0405963
2.12531,0.0104797
2.13534,0.0300942
2.14536,0.149541
2.15539,0.260059
2.16541,0.232529
2.17544,0.115945
2.18546,0.091632
2.19549,0.227336
2.20551,0.37391
2.21554,0.354296
2.22556,0.185526
2.23559,0.0376367
2.24561,0.00881519
2.25564,0.0360191
2.26566,0.03556
2.27569,0.0339269
2.28571,0.0951439
2.29574,0.181477
2.30576,0.186238
2.31579,0.100734
2.32581,0.0527444
2.33584,0.134326
2.34586,0.259277
2.35589,0.266782
2.36591,0.137186
2.37594,0.0178115
2.38596,0.0229544
2.39599,0.0908297
2.40602,0.0926718
2.41604,0.0258555
2.42607,0.0104835
2.43609,0.102175
2.44612,0.199784
2.45614,0.182737
2.46617,0.0775956
2.47619,0.0161663
2.48622,0.0524412
2.49624,0.102454
2.50627,0.0812772
2.51629,0.0253097
2.52632,0.0238997
2.53634,0.0757277
2.54637,0.09351
2.55639,0.0498741
2.56642,0.0375238
2.57644,0.139314
2.58647,0.289941
2.59649,0.337409
2.60652,0.233337
2.61654,0.0955984
2.62657,0.0596352
2.63659,0.119787
2.64662,0.162334
2.65664,0.123296
2.66667,0.0514491
2.67669,0.0156593
2.68672,0.0134517
2.69674,0.0062563
2.70677,0.00184393
2.71679,0.0428067
2.72682,0.120878
2.73684,0.161282
2.74687,0.116764
2.75689,0.0384638
2.76692,0.0146792
2.77694,0.0576237
2.78697,0.0944609
2.79699,0.0709654
2.80702,0.0201773
2.81704,0.00627869
2.82707,0.0332846
2.83709,0.0485675
2.84712,0.0257522
2.85714,0.000860857
2.86717,0.0144182
2.87719,0.0515457
2.88722,0.0661696
2.89724,0.0458285
2.90727,0.0202577
2.91729,0.0110081
2.92732,0.00722151
2.93734,0.00126757
2.94737,0.0163022
2.95739,0.0703468
2.96742,0.129958
2.97744,0.13636
2.98747,0.082506
2.99749,0.0332683
3.00752,0.0504292
3.01754,0.116602
3.02757,0.157614
3.03759,0.131198
3.04762,0.0667435
3.05764,0.0170862
3.06767,0.000774791
3.07769,0.00697431
3.08772,0.0314682
3.09774,0.0755332
3.10777,0.116182
3.11779,0.113989
3.12782,0.0652575
3.13784,0.0217997
3.14787,0.0340126
3.15789,0.0852656
3.16792,0.10976
3.17794,0.0753232
3.18797,0.0211068
3.19799,0.00161056
3.20802,0.0174056
3.21805,0.0262671
3.22807,0.0106334
3.2381,0.000655428
3.24812,0.0234768
3.25815,0.0582996
3.26817,0.0638192
3.2782,0.0352176
3.28822,0.00710633
3.29825,0.00293021
3.30827,0.00910499
3.3183,0.0081521
3.32832,0.0118667
3.33835,0.0385263
3.34837,0.0714033
3.3584,0.0717315
3.36842,0.0369023
3.37845,0.0170613
3.38847,0.0546031
3.3985,0.123559
3.40852,0.154501
3.41855,0.116338
3.42857,0.049288
3.4386,0.0114956
3.44862,0.0159301
3.45865,0.0352102
3.46867,0.0496309
3.4787,0.0623902
3.48872,0.0718844
3.49875,0.0613977
3.50877,0.0308968
3.5188,0.0156766
3.52882,0.046733
3.53885,0.100614
3.54887,0.11746
3.5589,0.074734
3.56892,0.0183621
3.57895,0.00476364
3.58897,0.03048
3.599,0.0447104
3.60902,0.0238245
3.61905,0.00122819
3.62907,0.0133883
3.6391,0.0442088
3.64912,0.0491561
3.65915,0.0213963
3.66917,0.00150547
3.6792,0.017241
3.68922,0.0437034
3.69925,0.0419608
3.70927,0.0166669
3.7193,0.00612736
3.72932,0.0218679
3.73935,0.0322767
3.74937,0.0175282
3.7594,0.011101
3.76942,0.0567985
3.77945,0.136691
3.78947,0.17811
3.7995,0.141228
3.80952,0.0720036
3.81955,0.0461993
3.82957,0.0772133
3.8396,0.107923
3.84962,0.090228
3.85965,0.0411784
3.86967,0.00781133
3.8797,0.00291049
3.88972,0.00337803
3.89975,0.000404731
3.90977,0.0154663
3.9198,0.0570769
3.92982,0.0910266
3.93985,0.0795921
3.94987,0.0376204
3.9599,0.0197585
3.96992,0.049032
3.97995,0.0848582
3.98997,0.0770124
4,0.0320087
