# 20251208_110405
# initdata:	data/XeXe544_cc_(0,5)/initdata.csv
# freezeout file: 	data/XeXe544_cc_(0,5)/freezeout.csv
# particle mass:	1.76571
# NpT:	400
# pTmax:	4
# epsabs:	0
# epsrel:	1e-05
# integr iter:	10000
pT,spec
0,488280
0.0100251,465957
0.0200501,403889
0.0300752,315338
0.0401003,218087
0.0501253,129535
0.0601504,62329.5
0.0701754,21876.6
0.0802005,6257.03
0.0902256,8269.86
0.100251,18608.3
0.110276,28971.2
0.120301,34143.4
0.130326,32609.3
0.140351,25847.5
0.150376,16868.6
0.160401,8676.83
0.170426,3198.38
0.180451,915.944
0.190476,1127.43
0.200501,2562.51
0.210526,4018.05
0.220551,4769.59
0.230576,4667.84
0.240602,3979.18
0.250627,3116.08
0.260652,2405.83
0.270677,1984.05
0.280702,1815.93
0.290727,1787.06
0.300752,1791.74
0.310777,1774.78
0.320802,1725.27
0.330827,1650.23
0.340852,1556.31
0.350877,1449.26
0.360902,1340.84
0.370927,1248.71
0.380952,1185.69
0.390977,1148.29
0.401003,1117.17
0.411028,1071.54
0.421053,1005.82
0.431078,933.981
0.441103,877.116
0.451128,845.055
0.461153,828.344
0.471178,807.613
0.481203,771.425
0.491228,725.92
0.501253,687.477
0.511278,665.845
0.521303,654.277
0.531328,636.308
0.541353,602.344
0.551378,559.383
0.561404,524.068
0.571429,506.111
0.581454,498.964
0.591479,487.291
0.601504,463.357
0.611529,435.034
0.621554,416.902
0.631579,413.993
0.641604,415.751
0.651629,406.995
0.661654,384.079
0.671679,358.541
0.681704,344.08
0.691729,341.289
0.701754,337.282
0.711779,320.753
0.721805,295.405
0.73183,276.182
0.741855,272.36
0.75188,276.858
0.761905,274.299
0.77193,258.671
0.781955,240.019
0.79198,232.277
0.802005,236.558
0.81203,239.729
0.822055,230.008
0.83208,210.896
0.842105,196.772
0.85213,195.614
0.862155,199.848
0.87218,196.23
0.882206,182.208
0.892231,168.53
0.902256,165.274
0.912281,169.269
0.922306,168.652
0.932331,158.26
0.942356,145.876
0.952381,141.553
0.962406,144.378
0.972431,144.072
0.982456,134.998
0.992481,123.709
1.00251,119.972
1.01253,123.486
1.02256,124.313
1.03258,116.447
1.04261,106.068
1.05263,103.179
1.06266,108.001
1.07268,110.644
1.08271,104.472
1.09273,94.8432
1.10276,91.4281
1.11278,94.9509
1.12281,96.6167
1.13283,90.588
1.14286,81.8468
1.15288,78.7626
1.16291,81.4167
1.17293,82.2264
1.18296,77.3402
1.19298,71.9372
1.20301,71.9897
1.21303,75.0524
1.22306,73.8289
1.23308,67.0861
1.24311,61.5265
1.25313,61.8009
1.26316,63.7058
1.27318,60.8579
1.28321,54.7724
1.29323,52.9109
1.30326,57.3548
1.31328,61.1821
1.32331,58.3151
1.33333,52.2442
1.34336,50.487
1.35338,53.102
1.36341,52.6798
1.37343,45.8991
1.38346,39.0961
1.39348,39.2549
1.40351,43.9451
1.41353,45.3088
1.42356,41.8076
1.43358,39.8223
1.44361,43.0401
1.45363,46.2934
1.46366,43.3164
1.47368,36.25
1.48371,32.302
1.49373,33.1328
1.50376,33.4875
1.51378,30.5311
1.52381,28.5346
1.53383,31.5361
1.54386,36.1276
1.55388,36.2059
1.56391,32.1341
1.57393,29.6885
1.58396,30.6945
1.59398,30.5413
1.60401,26.3597
1.61404,22.2653
1.62406,23.0169
1.63409,26.4535
1.64411,27.0174
1.65414,24.4869
1.66416,23.6609
1.67419,25.8462
1.68421,26.5038
1.69424,22.9927
1.70426,19.3895
1.71429,20.13
1.72431,22.8691
1.73434,22.3856
1.74436,19.0963
1.75439,18.1067
1.76441,20.4932
1.77444,21.4084
1.78446,18.1779
1.79449,14.8977
1.80451,15.924
1.81454,19.058
1.82456,19.4655
1.83459,17.4105
1.84461,16.9849
1.85464,18.5953
1.86466,18.2615
1.87469,14.6981
1.88471,11.8185
1.89474,12.4132
1.90476,13.9346
1.91479,13.4114
1.92481,12.6421
1.93484,14.5827
1.94486,17.4329
1.95489,17.0363
1.96491,13.688
1.97494,11.649
1.98496,12.2135
1.99499,12.2107
2.00501,10.1955
2.01504,9.21657
2.02506,11.2852
2.03509,13.4158
2.04511,12.4065
2.05514,10.1417
2.06516,10.2045
2.07519,11.7472
2.08521,11.2856
2.09524,9.0876
2.10526,8.81073
2.11529,11.0147
2.12531,11.9705
2.13534,9.87429
2.14536,7.68167
2.15539,7.90311
2.16541,8.70403
2.17544,7.86908
2.18546,7.06595
2.19549,8.66836
2.20551,11.0481
2.21554,11.0006
2.22556,9.04767
2.23559,8.20654
2.24561,8.61217
2.25564,7.7198
2.26566,5.51249
2.27569,5.01609
2.28571,7.00428
2.29574,8.45094
2.30576,7.61758
2.31579,6.73328
2.32581,7.60664
2.33584,8.28219
2.34586,6.78796
2.35589,5.05654
2.36591,5.73465
2.37594,7.51513
2.38596,7.35824
2.39599,5.626
2.40602,5.09219
2.41604,5.93351
2.42607,5.79204
2.43609,4.45686
2.44612,4.38523
2.45614,6.17296
2.46617,7.35032
2.47619,6.62745
2.48622,5.78531
2.49624,6.02498
2.50627,5.81997
2.51629,4.19239
2.52632,3.01905
2.53634,3.84539
2.54637,5.09746
2.55639,4.92722
2.56642,4.41717
2.57644,5.21533
2.58647,6.13379
2.59649,5.22495
2.60652,3.55683
2.61654,3.56278
2.62657,4.81833
2.63659,4.91184
2.64662,3.75603
2.65664,3.47151
2.66667,4.28356
2.67669,4.1666
2.68672,2.81832
2.69674,2.447
2.70677,3.84692
2.71679,4.98667
2.72682,4.59743
2.73684,4.08024
2.74687,4.46988
2.75689,4.44234
2.76692,3.07669
2.77694,1.93599
2.78697,2.40018
2.79699,3.25831
2.80702,3.05681
2.81704,2.69627
2.82707,3.41846
2.83709,4.17202
2.84712,3.49301
2.85714,2.3582
2.86717,2.53472
2.87719,3.44262
2.88722,3.34639
2.89724,2.54131
2.90727,2.57131
2.91729,3.14327
2.92732,2.70103
2.93734,1.53718
2.94737,1.46003
2.95739,2.58164
2.96742,3.2025
2.97744,2.87043
2.98747,2.84346
2.99749,3.3482
3.00752,3.07913
3.01754,1.85513
3.02757,1.20604
3.03759,1.69812
3.04762,2.075
3.05764,1.73561
3.06767,1.70889
3.07769,2.37145
3.08772,2.52922
3.09774,1.74437
3.10777,1.34982
3.11779,2.04635
3.12782,2.60912
3.13784,2.17082
3.14787,1.725
3.15789,2.05083
3.16792,2.15884
3.17794,1.28992
3.18797,0.57873
3.19799,1.09765
3.20802,1.94135
3.21805,1.93349
3.22807,1.65844
3.2381,2.05089
3.24812,2.4387
3.25815,1.84739
3.26817,0.978463
3.2782,1.01449
3.28822,1.54513
3.29825,1.49454
3.30827,1.10791
3.3183,1.22395
3.32832,1.50497
3.33835,1.18736
3.34837,0.756063
3.3584,1.10116
3.36842,1.76845
3.37845,1.7697
3.38847,1.3902
3.3985,1.47818
3.40852,1.68211
3.41855,1.16947
3.42857,0.421269
3.4386,0.503453
3.44862,1.13722
3.45865,1.27443
3.46867,1.03241
3.4787,1.2535
3.48872,1.66811
3.49875,1.36636
3.50877,0.680904
3.5188,0.725061
3.52882,1.36429
3.53885,1.47338
3.54887,0.960668
3.5589,0.742127
3.56892,0.920428
3.57895,0.779914
3.58897,0.435747
3.599,0.709189
3.60902,1.43998
3.61905,1.63489
3.62907,1.24279
3.6391,1.12837
3.64912,1.35334
3.65915,1.14833
3.66917,0.55337
3.6792,0.429627
3.68922,0.830962
3.69925,0.95991
3.70927,0.735124
3.7193,0.825761
3.72932,1.16197
3.73935,1.01832
3.74937,0.565469
3.7594,0.716223
3.76942,1.39939
3.77945,1.59035
3.78947,1.10513
3.7995,0.780339
3.80952,0.831727
3.81955,0.643104
3.82957,0.255461
3.8396,0.43553
3.84962,1.11768
3.85965,1.35152
3.86967,0.965511
3.8797,0.769929
3.88972,0.973337
3.89975,0.919783
3.90977,0.541028
3.9198,0.543029
3.92982,0.965413
3.93985,1.03364
3.94987,0.627154
3.9599,0.465319
3.96992,0.689783
3.97995,0.690194
3.98997,0.459608
4,0.672705
