# 20260615_153519
qT,primespec
0,1492.06
0.004004,1490.85
0.00800801,1489.53
0.012012,1487.31
0.016016,1483.28
0.02002,1478.23
0.024024,1472.13
0.028028,1464.67
0.032032,1456.25
0.036036,1446.42
0.04004,1435.44
0.044044,1423.24
0.048048,1409.69
0.0520521,1395.08
0.0560561,1379.11
0.0600601,1362.08
0.0640641,1343.98
0.0680681,1324.8
0.0720721,1304.89
0.0760761,1284.07
0.0800801,1262.76
0.0840841,1241.04
0.0880881,1219
0.0920921,1197.11
0.0960961,1175.22
0.1001,1153.8
0.104104,1132.97
0.108108,1112.76
0.112112,1093.61
0.116116,1075.33
0.12012,1058.15
0.124124,1042.16
0.128128,1027.17
0.132132,1013.26
0.136136,1000.34
0.14014,988.107
0.144144,976.532
0.148148,965.433
0.152152,954.295
0.156156,943.279
0.16016,931.885
0.164164,919.855
0.168168,907.194
0.172172,893.535
0.176176,878.774
0.18018,862.942
0.184184,845.876
0.188188,827.592
0.192192,808.398
0.196196,788.062
0.2002,767.085
0.204204,745.594
0.208208,723.681
0.212212,702.009
0.216216,680.386
0.22022,659.437
0.224224,639.362
0.228228,620.161
0.232232,602.455
0.236236,585.922
0.24024,570.913
0.244244,557.501
0.248248,545.393
0.252252,534.772
0.256256,525.385
0.26026,516.956
0.264264,509.423
0.268268,502.547
0.272272,495.823
0.276276,489.383
0.28028,482.794
0.284284,475.775
0.288288,468.391
0.292292,460.39
0.296296,451.666
0.3003,442.359
0.304304,432.425
0.308308,421.902
0.312312,411.176
0.316316,400.101
0.32032,389.135
0.324324,378.458
0.328328,368.093
0.332332,358.614
0.336336,349.757
0.34034,341.942
0.344344,335.274
0.348348,329.485
0.352352,324.974
0.356356,321.318
0.36036,318.446
0.364364,316.366
0.368368,314.708
0.372372,313.108
0.376376,311.665
0.38038,310.048
0.384384,307.893
0.388388,305.193
0.392392,301.911
0.396396,297.689
0.4004,292.767
0.404404,287.183
0.408408,280.83
0.412412,274.212
0.416416,267.154
0.42042,260.096
0.424424,253.273
0.428428,246.665
0.432432,240.847
0.436436,235.543
0.44044,231.132
0.444444,227.722
0.448448,224.948
0.452452,223.244
0.456456,222.109
0.46046,221.383
0.464464,221.062
0.468468,220.864
0.472472,220.508
0.476476,219.782
0.48048,218.706
0.484484,217.03
0.488488,214.448
0.492492,211.355
0.496496,207.346
0.500501,202.746
0.504505,197.793
0.508509,192.383
0.512513,187.069
0.516517,181.717
0.520521,176.741
0.524525,172.364
0.528529,168.443
0.532533,165.532
0.536537,163.154
0.540541,161.597
0.544545,160.995
0.548549,160.618
0.552553,160.549
0.556557,160.808
0.560561,161.051
0.564565,160.931
0.568569,160.467
0.572573,159.753
0.576577,158.126
0.580581,155.838
0.584585,153.092
0.588589,149.592
0.592593,145.86
0.596597,141.751
0.600601,137.601
0.604605,133.679
0.608609,129.914
0.612613,126.834
0.616617,124.142
0.620621,122.164
0.624625,121.088
0.628629,120.327
0.632633,120.143
0.636637,120.434
0.640641,120.839
0.644645,121.179
0.648649,121.509
0.652653,121.582
0.656657,121.04
0.660661,120.074
0.664665,118.683
0.668669,116.491
0.672673,114.025
0.676677,111.12
0.680681,108.031
0.684685,105.028
0.688689,102.042
0.692693,99.5674
0.696697,97.3546
0.700701,95.7548
0.704705,95.0383
0.708709,94.5668
0.712713,94.461
0.716717,94.945
0.720721,95.6749
0.724725,96.3756
0.728729,97.1277
0.732733,97.3739
0.736737,97.1898
0.740741,96.8163
0.744745,96.0144
0.748749,94.3231
0.752753,92.3648
0.756757,89.9831
0.760761,87.3769
0.764765,84.8349
0.768769,82.276
0.772773,80.1713
0.776777,78.2885
0.780781,76.9627
0.784785,76.5097
0.788789,76.245
0.792793,76.1916
0.796797,76.7237
0.800801,77.5287
0.804805,78.223
0.808809,78.9298
0.812813,79.171
0.816817,78.9551
0.820821,78.5167
0.824825,77.6941
0.828829,76.0536
0.832833,74.1708
0.836837,71.9385
0.840841,69.5344
0.844845,67.2447
0.848849,64.9807
0.852853,63.1878
0.856857,61.6226
0.860861,60.5771
0.864865,60.3864
0.868869,60.3121
0.872873,60.3064
0.876877,60.8049
0.880881,61.5224
0.884885,61.9737
0.888889,62.3494
0.892893,62.4695
0.896897,62.0534
0.900901,61.2606
0.904905,60.1889
0.908909,58.5254
0.912913,56.7107
0.916917,54.6982
0.920921,52.6635
0.924925,50.8574
0.928929,49.1659
0.932933,48.0199
0.936937,47.2167
0.940941,46.7238
0.944945,46.7523
0.948949,47.0581
0.952953,47.439
0.956957,48.0456
0.960961,48.5803
0.964965,48.6318
0.968969,48.6119
0.972973,48.5652
0.976977,47.9225
0.980981,46.7929
0.984985,45.5666
0.988989,44.0351
0.992993,42.5397
0.996997,41.0453
1.001,39.738
1.00501,38.8687
1.00901,38.1716
1.01301,37.9235
1.01702,38.1103
1.02102,38.4801
1.02503,38.9837
1.02903,39.768
1.03303,40.4233
1.03704,40.929
1.04104,41.2764
1.04505,41.2288
1.04905,40.8126
1.05305,40.2321
1.05706,39.2767
1.06106,38.05
1.06507,36.8455
1.06907,35.566
1.07307,34.5631
1.07708,33.7494
1.08108,33.197
1.08509,33.1776
1.08909,33.3993
1.09309,33.7246
1.0971,34.3643
1.1011,35.1905
1.10511,35.8644
1.10911,36.5138
1.11311,36.7842
1.11712,36.6636
1.12112,36.3896
1.12513,35.9031
1.12913,34.8705
1.13313,33.7049
1.13714,32.4335
1.14114,31.1441
1.14515,30.0665
1.14915,29.0597
1.15315,28.5634
1.15716,28.4474
1.16116,28.3856
1.16517,28.4886
1.16917,29.034
1.17317,29.6225
1.17718,30.1948
1.18118,30.664
1.18519,30.7097
1.18919,30.5934
1.19319,30.3983
1.1972,29.7927
1.2012,28.8163
1.20521,27.804
1.20921,26.6308
1.21321,25.5637
1.21722,24.5798
1.22122,23.7878
1.22523,23.4551
1.22923,23.2611
1.23323,23.1897
1.23724,23.4164
1.24124,23.8435
1.24525,24.2156
1.24925,24.6111
1.25325,24.7984
1.25726,24.7031
1.26126,24.4752
1.26527,24.1015
1.26927,23.3283
1.27327,22.4416
1.27728,21.4794
1.28128,20.4966
1.28529,19.6891
1.28929,18.9246
1.29329,18.5821
1.2973,18.583
1.3013,18.5857
1.30531,18.6704
1.30931,19.1384
1.31331,19.6478
1.31732,20.0871
1.32132,20.4499
1.32533,20.4896
1.32933,20.356
1.33333,20.1394
1.33734,19.6437
1.34134,18.8805
1.34535,18.1192
1.34935,17.2742
1.35335,16.5833
1.35736,16.0469
1.36136,15.6557
1.36537,15.6172
1.36937,15.7855
1.37337,16.0396
1.37738,16.4781
1.38138,17.0713
1.38539,17.5527
1.38939,18.0131
1.39339,18.2399
1.3974,18.173
1.4014,18.0003
1.40541,17.7171
1.40941,17.1037
1.41341,16.414
1.41742,15.7144
1.42142,15.0403
1.42543,14.6096
1.42943,14.2767
1.43343,14.1256
1.43744,14.2455
1.44144,14.5296
1.44545,14.8679
1.44945,15.3578
1.45345,15.784
1.45746,16.063
1.46146,16.2678
1.46547,16.2697
1.46947,16.0059
1.47347,15.6223
1.47748,15.0881
1.48148,14.4018
1.48549,13.7698
1.48949,13.1226
1.49349,12.675
1.4975,12.4552
1.5015,12.3114
1.50551,12.3188
1.50951,12.5694
1.51351,12.8951
1.51752,13.2626
1.52152,13.6292
1.52553,13.7071
1.52953,13.7053
1.53353,13.7015
1.53754,13.4681
1.54154,12.9223
1.54555,12.3521
1.54955,11.6709
1.55355,11.0368
1.55756,10.4641
1.56156,9.99363
1.56557,9.88959
1.56957,9.88231
1.57357,9.87957
1.57758,10.0497
1.58158,10.4442
1.58559,10.7821
1.58959,11.1214
1.59359,11.3136
1.5976,11.2826
1.6016,11.1853
1.60561,11.0177
1.60961,10.5924
1.61361,10.086
1.61762,9.57615
1.62162,9.06665
1.62563,8.73881
1.62963,8.49061
1.63363,8.3672
1.63764,8.44741
1.64164,8.66575
1.64565,8.922
1.64965,9.28797
1.65365,9.61504
1.65766,9.8105
1.66166,9.95537
1.66567,9.96671
1.66967,9.76738
1.67367,9.46935
1.67768,9.08596
1.68168,8.60116
1.68569,8.18003
1.68969,7.7509
1.69369,7.50981
1.6977,7.50936
1.7017,7.52299
1.70571,7.57076
1.70971,7.85921
1.71371,8.23117
1.71772,8.57051
1.72172,8.89776
1.72573,8.97976
1.72973,8.97231
1.73373,8.95669
1.73774,8.79268
1.74174,8.3937
1.74575,7.99292
1.74975,7.54131
1.75375,7.16176
1.75776,6.913
1.76176,6.72495
1.76577,6.69216
1.76977,6.82665
1.77377,7.03631
1.77778,7.30655
1.78178,7.65605
1.78579,7.90904
1.78979,8.10929
1.79379,8.22094
1.7978,8.15895
1.8018,7.96202
1.80581,7.71266
1.80981,7.32265
1.81381,6.90549
1.81782,6.52026
1.82182,6.16504
1.82583,6.01651
1.82983,5.95763
1.83383,5.93032
1.83784,6.01378
1.84184,6.25221
1.84585,6.47627
1.84985,6.71458
1.85385,6.87053
1.85786,6.8595
1.86186,6.80089
1.86587,6.70063
1.86987,6.41223
1.87387,6.04435
1.87788,5.67777
1.88188,5.29736
1.88589,5.04586
1.88989,4.86011
1.89389,4.75822
1.8979,4.80431
1.9019,4.96301
1.90591,5.15093
1.90991,5.41633
1.91391,5.66563
1.91792,5.80414
1.92192,5.90673
1.92593,5.92508
1.92993,5.78122
1.93393,5.5522
1.93794,5.27523
1.94194,4.9222
1.94595,4.62244
1.94995,4.32942
1.95395,4.14987
1.95796,4.15005
1.96196,4.18241
1.96597,4.24055
1.96997,4.4419
1.97397,4.70202
1.97798,4.91662
1.98198,5.12074
1.98599,5.18202
1.98999,5.14957
1.99399,5.08611
1.998,4.94471
2.002,4.67168
2.00601,4.40933
2.01001,4.1255
2.01401,3.92227
2.01802,3.87231
2.02202,3.84613
2.02603,3.84729
2.03003,4.00477
2.03403,4.24912
2.03804,4.48117
2.04204,4.73414
2.04605,4.86612
2.05005,4.92226
2.05405,4.95117
2.05806,4.88956
2.06206,4.67458
2.06607,4.43899
2.07007,4.1562
2.07407,3.89685
2.07808,3.72546
2.08208,3.58937
2.08609,3.55151
2.09009,3.63183
2.09409,3.77185
2.0981,3.94753
2.1021,4.18972
2.10611,4.37669
2.11011,4.51969
2.11411,4.60923
2.11812,4.58189
2.12212,4.45462
2.12613,4.29056
2.13013,4.0353
2.13413,3.75165
2.13814,3.49782
2.14214,3.25578
2.14615,3.16308
2.15015,3.14872
2.15415,3.14195
2.15816,3.18901
2.16216,3.36015
2.16617,3.52275
2.17017,3.67256
2.17417,3.77951
2.17818,3.77344
2.18218,3.71156
2.18619,3.61969
2.19019,3.42004
2.19419,3.16624
2.1982,2.92442
2.2022,2.67678
2.20621,2.53017
2.21021,2.44864
2.21421,2.40242
2.21822,2.43095
2.22222,2.5579
2.22623,2.69926
2.23023,2.86883
2.23423,3.01019
2.23824,3.03423
2.24224,3.04181
2.24625,3.04092
2.25025,2.91687
2.25425,2.71319
2.25826,2.51152
2.26226,2.28516
2.26627,2.12641
2.27027,2.01446
2.27427,1.94539
2.27828,1.96194
2.28228,2.05964
2.28629,2.18131
2.29029,2.3452
2.29429,2.51716
2.2983,2.62167
2.3023,2.70264
2.30631,2.73003
2.31031,2.66732
2.31431,2.55303
2.31832,2.41669
2.32232,2.23517
2.32633,2.09821
2.33033,1.99772
2.33433,1.93292
2.33834,1.94732
2.34234,2.04328
2.34635,2.16837
2.35035,2.34404
2.35435,2.54574
2.35836,2.70172
2.36236,2.84375
2.36637,2.89894
2.37037,2.87025
2.37437,2.80995
2.37838,2.71203
2.38238,2.53457
2.38639,2.37045
2.39039,2.21278
2.39439,2.09868
2.3984,2.09132
2.4024,2.1196
2.40641,2.16486
2.41041,2.28764
2.41441,2.46507
2.41842,2.61606
2.42242,2.76854
2.42643,2.83355
2.43043,2.82092
2.43443,2.79099
2.43844,2.72155
2.44244,2.54635
2.44645,2.36084
2.45045,2.16687
2.45445,1.99689
2.45846,1.90873
2.46246,1.84792
2.46647,1.82586
2.47047,1.87792
2.47447,1.97626
2.47848,2.07366
2.48248,2.18992
2.48649,2.24453
2.49049,2.23544
2.49449,2.21289
2.4985,2.15621
2.5025,1.99748
2.50651,1.82008
2.51051,1.62692
2.51451,1.44466
2.51852,1.32207
2.52252,1.22244
2.52653,1.18291
2.53053,1.21324
2.53453,1.277
2.53854,1.35511
2.54254,1.46996
2.54655,1.55294
2.55055,1.58992
2.55455,1.61278
2.55856,1.59898
2.56256,1.50875
2.56657,1.3998
2.57057,1.26839
2.57457,1.14145
2.57858,1.07318
2.58258,1.02563
2.58659,1.0068
2.59059,1.05746
2.59459,1.1664
2.5986,1.28493
2.6026,1.43679
2.60661,1.57058
2.61061,1.67308
2.61461,1.74901
2.61862,1.75449
2.62262,1.71868
2.62663,1.668
2.63063,1.57882
2.63463,1.4794
2.63864,1.4345
2.64264,1.40808
2.64665,1.39757
2.65065,1.45468
2.65465,1.5805
2.65866,1.71627
2.66266,1.88785
2.66667,2.04349
2.67067,2.16937
2.67467,2.26615
2.67868,2.27611
2.68268,2.23745
2.68669,2.17814
2.69069,2.06484
2.69469,1.91096
2.6987,1.77743
2.7027,1.64122
2.70671,1.57626
2.71071,1.57841
2.71471,1.58468
2.71872,1.60797
2.72272,1.70581
2.72673,1.81228
2.73073,1.89598
2.73473,1.96475
2.73874,1.97105
2.74274,1.92838
2.74675,1.86275
2.75075,1.74693
2.75475,1.58626
2.75876,1.43573
2.76276,1.27808
2.76677,1.17188
2.77077,1.11848
2.77477,1.08399
2.77878,1.08679
2.78278,1.14666
2.78679,1.22144
2.79079,1.29687
2.79479,1.36818
2.7988,1.38023
2.8028,1.36294
2.80681,1.33321
2.81081,1.25567
2.81481,1.12954
2.81882,1.00794
2.82282,0.875255
2.82683,0.782319
2.83083,0.732836
2.83483,0.700048
2.83884,0.701097
2.84284,0.75443
2.84685,0.826035
2.85085,0.903568
2.85485,0.983974
2.85886,1.0103
2.86286,1.01822
2.86687,1.02136
2.87087,0.984051
2.87487,0.901921
2.87888,0.825709
2.88288,0.739554
2.88689,0.693426
2.89089,0.697568
2.89489,0.711146
2.8989,0.73944
2.9029,0.833305
2.90691,0.954367
2.91091,1.07
2.91491,1.18759
2.91892,1.25447
2.92292,1.29805
2.92693,1.31864
2.93093,1.2906
2.93493,1.22172
2.93894,1.1483
2.94294,1.05352
2.94695,0.987074
2.95095,0.964067
2.95495,0.949832
2.95896,0.954236
2.96296,1.02028
2.96697,1.11246
2.97097,1.20701
2.97497,1.30916
2.97898,1.36439
2.98298,1.39719
2.98699,1.41277
2.99099,1.3808
2.99499,1.29808
2.999,1.20808
3.003,1.09345
3.00701,0.993816
3.01101,0.921786
3.01502,0.866386
3.01902,0.857089
3.02302,0.886898
3.02703,0.933083
3.03103,0.9971
3.03504,1.08038
3.03904,1.13038
3.04304,1.16205
3.04705,1.178
3.05105,1.15142
3.05506,1.07815
3.05906,0.994689
3.06306,0.883178
3.06707,0.777618
3.07107,0.686384
3.07508,0.611164
3.07908,0.594237
3.08308,0.601215
3.08709,0.614183
3.09109,0.649646
3.0951,0.715115
3.0991,0.760642
3.1031,0.792778
3.10711,0.810343
3.11111,0.793465
3.11512,0.743832
3.11912,0.685378
3.12312,0.602296
3.12713,0.526526
3.13113,0.470291
3.13514,0.425801
3.13914,0.41703
3.14314,0.443055
3.14715,0.486142
3.15115,0.544535
3.15516,0.626921
3.15916,0.693511
3.16316,0.751068
3.16717,0.785361
3.17117,0.778338
3.17518,0.75248
3.17918,0.716955
3.18318,0.650948
3.18719,0.585322
3.19119,0.536848
3.1952,0.497105
3.1992,0.488394
3.2032,0.511064
3.20721,0.549015
3.21121,0.600805
3.21522,0.674214
3.21922,0.731314
3.22322,0.777628
3.22723,0.805166
3.23123,0.795099
3.23524,0.759093
3.23924,0.712863
3.24324,0.637617
3.24725,0.561605
3.25125,0.499313
3.25526,0.446106
3.25926,0.432479
3.26326,0.446829
3.26727,0.47276
3.27127,0.515716
3.27528,0.587038
3.27928,0.648272
3.28328,0.702665
3.28729,0.737394
3.29129,0.732993
3.2953,0.711768
3.2993,0.681512
3.3033,0.620253
3.30731,0.555028
3.31131,0.503935
3.31532,0.459846
3.31932,0.448105
3.32332,0.465968
3.32733,0.498091
3.33133,0.545527
3.33534,0.62014
3.33934,0.686107
3.34334,0.746822
3.34735,0.786923
3.35135,0.784689
3.35536,0.767898
3.35936,0.742332
3.36336,0.681971
3.36737,0.612147
3.37137,0.551791
3.37538,0.496109
3.37938,0.479518
3.38338,0.487447
3.38739,0.503173
3.39139,0.535929
3.3954,0.601501
3.3994,0.66227
3.4034,0.719475
3.40741,0.758952
3.41141,0.75773
3.41542,0.742703
3.41942,0.719189
3.42342,0.659436
3.42743,0.585201
3.43143,0.515598
3.43544,0.447234
3.43944,0.414053
3.44344,0.400047
3.44745,0.392817
3.45145,0.403657
3.45546,0.443895
3.45946,0.482875
3.46346,0.519509
3.46747,0.545821
3.47147,0.542907
3.47548,0.523226
3.47948,0.494972
3.48348,0.438424
3.48749,0.370566
3.49149,0.305278
3.4955,0.242063
3.4995,0.211085
3.5035,0.197297
3.50751,0.190044
3.51151,0.198728
3.51552,0.23486
3.51952,0.273011
3.52352,0.310886
3.52753,0.340039
3.53153,0.341155
3.53554,0.335121
3.53954,0.32504
3.54354,0.291442
3.54755,0.251418
3.55155,0.222575
3.55556,0.197725
3.55956,0.189805
3.56356,0.206621
3.56757,0.239645
3.57157,0.281932
3.57558,0.345522
3.57958,0.40717
3.58358,0.466485
3.58759,0.510519
3.59159,0.514331
3.5956,0.513241
3.5996,0.510579
3.6036,0.477514
3.60761,0.430696
3.61161,0.395168
3.61562,0.362428
3.61962,0.350865
3.62362,0.364046
3.62763,0.39052
3.63163,0.428057
3.63564,0.490238
3.63964,0.550776
3.64364,0.608862
3.64765,0.652696
3.65165,0.656007
3.65566,0.650176
3.65966,0.639957
3.66366,0.597018
3.66767,0.535518
3.67167,0.478829
3.67568,0.420339
3.67968,0.392313
3.68368,0.384515
3.68769,0.38043
3.69169,0.38901
3.6957,0.42885
3.6997,0.471262
3.7037,0.511775
3.70771,0.544045
3.71171,0.545592
3.71572,0.534609
3.71972,0.517188
3.72372,0.471417
3.72773,0.407682
3.73173,0.345729
3.73574,0.280919
3.73974,0.236724
3.74374,0.20601
3.74775,0.187067
3.75175,0.188638
3.75576,0.206006
3.75976,0.226653
3.76376,0.251204
3.76777,0.273183
3.77177,0.274604
3.77578,0.266862
3.77978,0.254701
3.78378,0.223701
3.78779,0.18273
3.79179,0.144829
3.7958,0.107264
3.7998,0.0934291
3.8038,0.096302
3.80781,0.103215
3.81181,0.117628
3.81582,0.155901
3.81982,0.20014
3.82382,0.24062
3.82783,0.275007
3.83183,0.282346
3.83584,0.284342
3.83984,0.284904
3.84384,0.266069
3.84785,0.236423
3.85185,0.216685
3.85586,0.199996
3.85986,0.1932
3.86386,0.206771
3.86787,0.236608
3.87187,0.273007
3.87588,0.326175
3.87988,0.379075
3.88388,0.427546
3.88789,0.466358
3.89189,0.471231
3.8959,0.466713
3.8999,0.458883
3.9039,0.427318
3.90791,0.379073
3.91191,0.336184
3.91592,0.291544
3.91992,0.272099
3.92392,0.2735
3.92793,0.277224
3.93193,0.288292
3.93594,0.32671
3.93994,0.369645
3.94394,0.407852
3.94795,0.440031
3.95195,0.444043
3.95596,0.437033
3.95996,0.425384
3.96396,0.392146
3.96797,0.342431
3.97197,0.296141
3.97598,0.247048
3.97998,0.221253
3.98398,0.214974
3.98799,0.211489
3.99199,0.21566
3.996,0.245217
4,0.284096
