# 20260616_142926
qT,primespec
0,291818
0.004004,287690
0.00800801,283252
0.012012,275893
0.016016,263050
0.02002,247700
0.024024,230274
0.028028,210434
0.032032,189829
0.036036,168050
0.04004,146236
0.044044,124841
0.048048,104162
0.0520521,84958.6
0.0560561,67329.7
0.0600601,51706.6
0.0640641,38213.4
0.0680681,27020.3
0.0720721,18020
0.0760761,10914.6
0.0800801,6946.15
0.0840841,4696.59
0.0880881,3450
0.0920921,3437.62
0.0960961,4813.62
0.1001,7053.43
0.104104,9453.12
0.108108,12359
0.112112,15032.9
0.116116,17569.9
0.12012,19569.5
0.124124,21002.9
0.128128,22052.8
0.132132,22191.5
0.136136,21802.7
0.14014,21175.6
0.144144,20005.7
0.148148,18205.6
0.152152,16302.9
0.156156,14155.2
0.16016,11964.9
0.164164,9832.8
0.168168,7789.42
0.172172,5958.25
0.176176,4343.99
0.18018,3024.24
0.184184,1912.37
0.188188,1157.84
0.192192,790.281
0.196196,562.336
0.2002,473.225
0.204204,568.743
0.208208,854.681
0.212212,1184.4
0.216216,1566.03
0.22022,1965.26
0.224224,2319.43
0.228228,2641.66
0.232232,2864.56
0.236236,3045.51
0.24024,3135.91
0.244244,3119.02
0.248248,3068.89
0.252252,2991.4
0.256256,2826.3
0.26026,2627.51
0.264264,2422.96
0.268268,2203.56
0.272272,1998.34
0.276276,1800.88
0.28028,1627.55
0.284284,1480.62
0.288288,1355.7
0.292292,1264.44
0.296296,1191.63
0.3003,1142.49
0.304304,1113.91
0.308308,1094.28
0.312312,1090.34
0.316316,1090.84
0.32032,1091.75
0.324324,1094.84
0.328328,1099.64
0.332332,1100.83
0.336336,1099.85
0.34034,1098.04
0.344344,1093.39
0.348348,1084.21
0.352352,1073.32
0.356356,1059.04
0.36036,1041.93
0.364364,1022.17
0.368368,999.057
0.372372,973.938
0.376376,945.9
0.38038,916.558
0.384384,886.587
0.388388,856.154
0.392392,827.91
0.396396,800.992
0.4004,777.284
0.404404,757.634
0.408408,740.778
0.412412,727.911
0.416416,718.114
0.42042,709.704
0.424424,702.204
0.428428,695.369
0.432432,687.062
0.436436,676.821
0.44044,664.889
0.444444,650.608
0.448448,633.96
0.452452,616.916
0.456456,598.815
0.46046,581.621
0.464464,566.435
0.468468,552.728
0.472472,542.489
0.476476,534.619
0.48048,528.562
0.484484,524.434
0.488488,521.259
0.492492,517.37
0.496496,512.653
0.500501,506.893
0.504505,499.096
0.508509,489.071
0.512513,478.341
0.516517,466.249
0.520521,454.421
0.524525,443.897
0.528529,434.284
0.532533,427.522
0.536537,422.572
0.540541,419.071
0.544545,417.195
0.548549,415.945
0.552553,414.055
0.556557,410.961
0.560561,406.703
0.564565,400.452
0.568569,391.521
0.572573,381.722
0.576577,370.343
0.580581,358.863
0.584585,348.448
0.588589,338.704
0.592593,331.374
0.596597,325.782
0.600601,321.493
0.604605,318.656
0.608609,316.554
0.612613,313.89
0.616617,310.412
0.620621,306.088
0.624625,300.252
0.628629,292.655
0.632633,284.763
0.636637,276.097
0.640641,268.052
0.644645,261.55
0.648649,255.947
0.652653,253.266
0.656657,252.033
0.660661,251.415
0.664665,251.575
0.668669,252.067
0.672673,252.167
0.676677,250.38
0.680681,247.275
0.684685,243.078
0.688689,236.951
0.692693,230.871
0.696697,224.462
0.700701,219.009
0.704705,215.566
0.708709,212.918
0.712713,212.186
0.716717,212.914
0.720721,213.668
0.724725,213.65
0.728729,213.35
0.732733,212.724
0.736737,209.219
0.740741,203.775
0.744745,197.682
0.748749,190.185
0.752753,183.478
0.756757,177.041
0.760761,172.229
0.764765,170.264
0.768769,169.02
0.772773,168.719
0.776777,169.838
0.780781,171.044
0.784785,170.836
0.788789,169.588
0.792793,167.691
0.796797,163.306
0.800801,157.494
0.804805,151.651
0.808809,145.341
0.812813,140.889
0.816817,137.609
0.820821,135.623
0.824825,135.9
0.828829,137.407
0.832833,138.94
0.836837,140.609
0.840841,141.851
0.844845,141.371
0.848849,139.045
0.852853,136.021
0.856857,131.294
0.860861,126.005
0.864865,121.491
0.868869,117.217
0.872873,115.726
0.876877,115.778
0.880881,115.899
0.884885,116.738
0.888889,119.054
0.892893,120.106
0.896897,119.705
0.900901,118.84
0.904905,116.87
0.908909,112.462
0.912913,107.932
0.916917,103.082
0.920921,99.0019
0.924925,97.1196
0.928929,95.8763
0.932933,95.5103
0.936937,96.8779
0.940941,98.7434
0.944945,99.5095
0.948949,99.9859
0.952953,100.102
0.956957,98.093
0.960961,94.636
0.964965,91.0323
0.968969,86.7552
0.972973,83.9
0.976977,82.1925
0.980981,81.1592
0.984985,81.5514
0.988989,83.5643
0.992993,85.5845
0.996997,87.5006
1.001,88.9571
1.00501,88.7604
1.00901,87.1409
1.01301,84.9885
1.01702,81.5278
1.02102,77.705
1.02503,75.004
1.02903,72.6943
1.03303,71.8382
1.03704,72.5423
1.04104,73.8164
1.04505,75.1851
1.04905,76.8988
1.05305,77.6433
1.05706,76.7816
1.06106,75.0235
1.06507,72.5179
1.06907,68.4426
1.07307,64.7363
1.07708,61.2611
1.08108,58.7433
1.08509,58.5189
1.08909,58.8633
1.09309,59.4021
1.0971,61.0267
1.1011,62.8346
1.10511,63.0131
1.10911,62.629
1.11311,61.9905
1.11712,59.8414
1.12112,56.829
1.12513,54.4493
1.12913,52.1873
1.13313,51.2556
1.13714,51.7262
1.14114,52.7028
1.14515,54.098
1.14915,56.4039
1.15315,57.5736
1.15716,57.4969
1.16116,57.2981
1.16517,56.5003
1.16917,53.7468
1.17317,50.9012
1.17718,48.0997
1.18118,45.8474
1.18519,45.3625
1.18919,45.2239
1.19319,45.1812
1.1972,45.9123
1.2012,46.9557
1.20521,47.0115
1.20921,46.3397
1.21321,45.3397
1.21722,43.3257
1.22122,40.7878
1.22523,38.9242
1.22923,37.2706
1.23323,36.5648
1.23724,37.156
1.24124,38.3897
1.24525,39.8688
1.24925,42.0192
1.25325,43.1523
1.25726,43.1312
1.26126,43.0722
1.26527,42.6236
1.26927,40.688
1.27327,38.9085
1.27728,37.7125
1.28128,36.8466
1.28529,36.8982
1.28929,37.9189
1.29329,39.0755
1.2973,40.1946
1.3013,41.1576
1.30531,41.1054
1.30931,39.8044
1.31331,37.9972
1.31732,35.2723
1.32132,32.0835
1.32533,29.6951
1.32933,27.5638
1.33333,26.6122
1.33734,26.9593
1.34134,27.7231
1.34535,28.633
1.34935,29.975
1.35335,30.7269
1.35736,30.4393
1.36136,29.7646
1.36537,28.7545
1.36937,26.9065
1.37337,25.8801
1.37738,25.8994
1.38138,25.9578
1.38539,26.3457
1.38939,28.3516
1.39339,30.5791
1.3974,32.3144
1.4014,33.7476
1.40541,33.8758
1.40941,32.9825
1.41341,31.6981
1.41742,29.6849
1.42142,27.2861
1.42543,25.7071
1.42943,24.4504
1.43343,23.8728
1.43744,24.2017
1.44144,24.7616
1.44545,24.8796
1.44945,24.8277
1.45345,24.7266
1.45746,23.7575
1.46146,21.8865
1.46547,20.1775
1.46947,18.2892
1.47347,17.3211
1.47748,17.4755
1.48148,17.9029
1.48549,18.6362
1.48949,20.3929
1.49349,22.0925
1.4975,23.0686
1.5015,23.786
1.50551,23.8086
1.50951,22.999
1.51351,22.0545
1.51752,21.1813
1.52152,20.4106
1.52553,20.3188
1.52953,20.8219
1.53353,21.4911
1.53754,22.2727
1.54154,23.074
1.54555,23.1739
1.54955,22.5208
1.55355,21.5319
1.55756,19.96
1.56156,17.9611
1.56557,16.5179
1.56957,15.285
1.57357,14.6699
1.57758,14.9109
1.58158,15.5036
1.58559,16.0855
1.58959,16.7788
1.59359,17.1952
1.5976,16.9427
1.6016,16.3147
1.60561,15.6328
1.60961,14.7025
1.61361,14.1482
1.61762,14.3267
1.62162,14.8409
1.62563,15.5591
1.62963,16.934
1.63363,18.0141
1.63764,18.2103
1.64164,18.3181
1.64565,18.1862
1.64965,16.8438
1.65365,15.2617
1.65766,13.8633
1.66166,12.6329
1.66567,12.3836
1.66967,12.6586
1.67367,13.0994
1.67768,13.8899
1.68168,14.953
1.68569,15.2274
1.68969,15.0585
1.69369,14.7561
1.6977,13.9123
1.7017,12.6073
1.70571,11.9283
1.70971,11.5554
1.71371,11.3752
1.71772,11.8214
1.72172,12.9851
1.72573,13.941
1.72973,14.7894
1.73373,15.2904
1.73774,14.9794
1.74174,14.0857
1.74575,13.036
1.74975,11.4992
1.75375,10.2965
1.75776,9.75343
1.76176,9.39013
1.76577,9.36428
1.76977,9.95033
1.77377,10.5596
1.77778,10.7206
1.78178,10.816
1.78579,10.7689
1.78979,10.051
1.79379,9.32141
1.7978,9.00892
1.8018,8.7932
1.80581,8.80638
1.80981,9.61007
1.81381,10.7715
1.81782,11.8595
1.82182,12.9849
1.82583,13.2944
1.82983,13.1363
1.83383,12.8456
1.83784,12.1456
1.84184,10.9809
1.84585,10.1921
1.84985,9.61414
1.85385,9.29679
1.85786,9.41094
1.86186,9.70774
1.86587,9.79978
1.86987,9.64558
1.87387,9.35859
1.87788,8.6963
1.88188,7.56499
1.88589,6.67335
1.88989,5.87348
1.89389,5.41506
1.8979,5.60423
1.9019,6.27545
1.90591,7.06687
1.90991,8.18221
1.91391,9.13336
1.91792,9.35823
1.92192,9.47799
1.92593,9.45937
1.92993,8.82518
1.93393,8.23543
1.93794,8.16225
1.94194,8.13436
1.94595,8.16894
1.94995,8.80714
1.95395,9.54054
1.95796,9.72599
1.96196,9.82643
1.96597,9.8009
1.96997,8.96069
1.97397,7.82148
1.97798,6.73531
1.98198,5.68236
1.98599,5.38477
1.98999,5.48371
1.99399,5.67397
1.998,6.12675
2.002,6.96921
2.00601,7.29631
2.01001,7.27584
2.01401,7.23053
2.01802,6.87067
2.02202,6.05249
2.02603,5.64363
2.03003,5.50105
2.03403,5.42902
2.03804,5.6713
2.04204,6.47998
2.04605,7.13932
2.05005,7.59666
2.05405,7.88294
2.05806,7.68865
2.06206,6.99045
2.06607,6.2484
2.07007,5.27232
2.07407,4.61561
2.07808,4.59663
2.08208,4.68675
2.08609,4.84641
2.09009,5.45086
2.09409,6.16409
2.0981,6.40396
2.1021,6.54339
2.10611,6.56383
2.11011,6.1561
2.11411,5.7482
2.11812,5.71863
2.12212,5.72404
2.12613,5.75217
2.13013,6.23693
2.13413,6.85914
2.13814,7.04825
2.14214,7.15023
2.14615,7.1568
2.15015,6.52833
2.15415,5.59801
2.15816,4.6729
2.16216,3.72465
2.16617,3.40176
2.17017,3.3806
2.17417,3.37089
2.17818,3.52837
2.18218,4.0649
2.18619,4.32839
2.19019,4.32794
2.19419,4.32684
2.1982,4.21376
2.2022,3.8802
2.20621,3.74369
2.21021,3.93428
2.21421,4.30313
2.21822,4.83616
2.22222,5.70087
2.22623,6.32888
2.23023,6.67428
2.23423,6.88142
2.23824,6.72018
2.24224,6.0516
2.24625,5.36562
2.25025,4.55764
2.25425,3.98783
2.25826,3.93853
2.26226,3.94168
2.26627,3.95169
2.27027,4.13699
2.27427,4.36291
2.27828,4.30607
2.28228,3.96997
2.28629,3.57664
2.29029,2.98729
2.29429,2.54366
2.2983,2.53404
2.3023,2.68873
2.30631,2.9273
2.31031,3.5111
2.31431,4.27462
2.31832,4.64579
2.32232,4.89308
2.32633,4.97158
2.33033,4.60429
2.33433,4.04829
2.33834,3.59701
2.34234,3.16154
2.34635,3.00165
2.35035,3.14458
2.35435,3.40085
2.35836,3.65011
2.36236,3.93988
2.36637,4.06326
2.37037,3.87664
2.37437,3.55468
2.37838,3.2105
2.38238,2.80183
2.38639,2.63987
2.39039,2.79243
2.39439,3.10322
2.3984,3.51991
2.4024,4.18021
2.40641,4.55362
2.41041,4.60162
2.41441,4.62593
2.41842,4.48378
2.42242,3.88761
2.42643,3.36195
2.43043,2.93621
2.43443,2.64341
2.43844,2.64567
2.44244,2.79479
2.44645,2.88424
2.45045,2.88988
2.45445,2.89268
2.45846,2.78313
2.46246,2.33251
2.46647,1.97508
2.47047,1.74348
2.47447,1.59181
2.47848,1.65951
2.48248,2.13406
2.48649,2.75096
2.49049,3.42687
2.49449,4.06329
2.4985,4.1635
2.5025,4.16976
2.50651,4.17019
2.51051,3.8217
2.51451,3.34258
2.51852,3.15891
2.52252,3.05937
2.52653,3.02347
2.53053,3.21437
2.53453,3.50252
2.53854,3.53485
2.54254,3.4343
2.54655,3.27162
2.55055,2.78481
2.55455,2.17851
2.55856,1.76857
2.56256,1.43108
2.56657,1.29941
2.57057,1.48835
2.57457,1.90223
2.57858,2.29792
2.58258,2.74968
2.58659,2.9838
2.59059,2.91533
2.59459,2.76598
2.5986,2.54589
2.6026,2.17984
2.60661,2.0018
2.61061,2.05948
2.61461,2.19302
2.61862,2.39414
2.62262,2.77581
2.62663,3.00842
2.63063,2.97244
2.63463,2.8817
2.63864,2.68219
2.64264,2.20562
2.64665,1.88769
2.65065,1.76695
2.65465,1.69371
2.65866,1.74041
2.66266,2.09604
2.66667,2.49391
2.67067,2.75455
2.67467,2.9568
2.67868,2.95423
2.68268,2.74632
2.68669,2.51806
2.69069,2.29337
2.69469,2.10728
2.6987,2.09949
2.7027,2.24185
2.70671,2.39487
2.71071,2.50367
2.71471,2.58992
2.71872,2.554
2.72272,2.23425
2.72673,1.85438
2.73073,1.3735
2.73473,0.995328
2.73874,0.942506
2.74274,0.992643
2.74675,1.07921
2.75075,1.32465
2.75475,1.7452
2.75876,1.97563
2.76276,2.10952
2.76677,2.16841
2.77077,2.0878
2.77477,1.95963
2.77878,1.94813
2.78278,2.06507
2.78679,2.24342
2.79079,2.56385
2.79479,2.97117
2.7988,3.06175
2.8028,3.05849
2.80681,3.05187
2.81081,2.74788
2.81481,2.16573
2.81882,1.67351
2.82282,1.1829
2.82683,0.967944
2.83083,1.01753
2.83483,1.14773
2.83884,1.31658
2.84284,1.60316
2.84685,1.80218
2.85085,1.76341
2.85485,1.66339
2.85886,1.52514
2.86286,1.28336
2.86687,1.14788
2.87087,1.21025
2.87487,1.37763
2.87888,1.59235
2.88288,1.95264
2.88689,2.20856
2.89089,2.19261
2.89489,2.13809
2.8989,2.00855
2.9029,1.59388
2.90691,1.25986
2.91091,1.08925
2.91491,0.97411
2.91892,0.978972
2.92292,1.21924
2.92693,1.53724
2.93093,1.75439
2.93493,1.93947
2.93894,1.96234
2.94294,1.8182
2.94695,1.65478
2.95095,1.51936
2.95495,1.40415
2.95896,1.39841
2.96296,1.57352
2.96697,1.80332
2.97097,1.99066
2.97497,2.1634
2.97898,2.18327
2.98298,1.9878
2.98699,1.71195
2.99099,1.32928
2.99499,0.941732
2.999,0.76694
3.003,0.670635
3.00701,0.627315
3.01101,0.702766
3.01502,0.895053
3.01902,0.993013
3.02302,1.02913
3.02703,1.04567
3.03103,1.01319
3.03504,0.949488
3.03904,0.945781
3.04304,1.10066
3.04705,1.35158
3.05105,1.66604
3.05506,2.06837
3.05906,2.25945
3.06306,2.33724
3.06707,2.37284
3.07107,2.2128
3.07508,1.83274
3.07908,1.50546
3.08308,1.16844
3.08709,0.991094
3.09109,1.00699
3.0951,1.06381
3.0991,1.12882
3.1031,1.22315
3.10711,1.29017
3.11111,1.22231
3.11512,1.04911
3.11912,0.895175
3.12312,0.731369
3.12713,0.640114
3.13113,0.696488
3.13514,0.881226
3.13914,1.08697
3.14314,1.34549
3.14715,1.53642
3.15115,1.51106
3.15516,1.41002
3.15916,1.25708
3.16316,0.923789
3.16717,0.682004
3.17117,0.592841
3.17518,0.537428
3.17918,0.536066
3.18318,0.693483
3.18719,0.907914
3.19119,0.987036
3.1952,1.03901
3.1992,1.03952
3.2032,0.902388
3.20721,0.791948
3.21121,0.804836
3.21522,0.865782
3.21922,0.966101
3.22322,1.24105
3.22723,1.58959
3.23123,1.79278
3.23524,1.95301
3.23924,1.98377
3.24324,1.78877
3.24725,1.50586
3.25125,1.17575
3.25526,0.834821
3.25926,0.668367
3.26326,0.578487
3.26727,0.534103
3.27127,0.559452
3.27528,0.633074
3.27928,0.658572
3.28328,0.601199
3.28729,0.521603
3.29129,0.438504
3.2953,0.35602
3.2993,0.338319
3.3033,0.446298
3.30731,0.65275
3.31131,0.882513
3.31532,1.17251
3.31932,1.28817
3.32332,1.29832
3.32733,1.3028
3.33133,1.20626
3.33534,0.957918
3.33934,0.795355
3.34334,0.686293
3.34735,0.625772
3.35135,0.662801
3.35536,0.78795
3.35936,0.86156
3.36336,0.883747
3.36737,0.894964
3.37137,0.82574
3.37538,0.646081
3.37938,0.537484
3.38338,0.474467
3.38739,0.439945
3.39139,0.486976
3.3954,0.673116
3.3994,0.854108
3.4034,0.995347
3.40741,1.09122
3.41141,1.05523
3.41542,0.911601
3.41942,0.748593
3.42342,0.506003
3.42743,0.362625
3.43143,0.352976
3.43544,0.352205
3.43944,0.354759
3.44344,0.42375
3.44745,0.512494
3.45145,0.502308
3.45546,0.441521
3.45946,0.378246
3.46346,0.297737
3.46747,0.245345
3.47147,0.275254
3.47548,0.429254
3.47948,0.641727
3.48348,0.906737
3.48749,1.16611
3.49149,1.24387
3.4955,1.28468
3.4995,1.29037
3.5035,1.12254
3.50751,0.899175
3.51151,0.723446
3.51552,0.567887
3.51952,0.519874
3.52352,0.538134
3.52753,0.559422
3.53153,0.557806
3.53554,0.540872
3.53954,0.509842
3.54354,0.370925
3.54755,0.238802
3.55155,0.171266
3.55556,0.125955
3.55956,0.114466
3.56356,0.19305
3.56757,0.391033
3.57157,0.543778
3.57558,0.682118
3.57958,0.733736
3.58358,0.683398
3.58759,0.596398
3.59159,0.479559
3.5956,0.337918
3.5996,0.291274
3.6036,0.304818
3.60761,0.332213
3.61161,0.377625
3.61562,0.460101
3.61962,0.500097
3.62362,0.464117
3.62763,0.403302
3.63163,0.330803
3.63564,0.245912
3.63964,0.217221
3.64364,0.271468
3.64765,0.39042
3.65165,0.532955
3.65566,0.734956
3.65966,0.837543
3.66366,0.840863
3.66767,0.842435
3.67167,0.790685
3.67568,0.600998
3.67968,0.442029
3.68368,0.303826
3.68769,0.223037
3.69169,0.22357
3.6957,0.255636
3.6997,0.273842
3.7037,0.272092
3.70771,0.267675
3.71171,0.223589
3.71572,0.121938
3.71972,0.0892254
3.72372,0.0967425
3.72773,0.115339
3.73173,0.160558
3.73574,0.311402
3.73974,0.497567
3.74374,0.620469
3.74775,0.709447
3.75175,0.703576
3.75576,0.630966
3.75976,0.549892
3.76376,0.444245
3.76777,0.364996
3.77177,0.363755
3.77578,0.402277
3.77978,0.447935
3.78378,0.500085
3.78779,0.546604
3.79179,0.534423
3.7958,0.445877
3.7998,0.341751
3.8038,0.18162
3.80781,0.0932923
3.81181,0.0896883
3.81582,0.117657
3.81982,0.164039
3.82382,0.259105
3.82783,0.393247
3.83183,0.418305
3.83584,0.419599
3.83984,0.419591
3.84384,0.332836
3.84785,0.229635
3.85185,0.188204
3.85586,0.163686
3.85986,0.154954
3.86386,0.192936
3.86787,0.262247
3.87187,0.27362
3.87588,0.262086
3.87988,0.242981
3.88388,0.158589
3.88789,0.0921698
3.89189,0.0894761
3.8959,0.122998
3.8999,0.18268
3.9039,0.297587
3.90791,0.485808
3.91191,0.612178
3.91592,0.706777
3.91992,0.74722
3.92392,0.692386
3.92793,0.588805
3.93193,0.479614
3.93594,0.351177
3.93994,0.294102
3.94394,0.288074
3.94795,0.284958
3.95195,0.286073
3.95596,0.293525
3.95996,0.298278
3.96396,0.249041
3.96797,0.163013
3.97197,0.0806598
3.97598,0.019732
3.97998,0.00885502
3.98398,0.0228597
3.98799,0.11253
3.99199,0.223909
3.996,0.303383
4,0.399222
