# 20260615_153155
qT,primespec
0,1725.07
0.004004,1724.91
0.00800801,1724.74
0.012012,1724.45
0.016016,1723.96
0.02002,1723.36
0.024024,1722.69
0.028028,1721.89
0.032032,1720.95
0.036036,1719.83
0.04004,1718.43
0.044044,1716.61
0.048048,1714.23
0.0520521,1711.17
0.0560561,1706.95
0.0600601,1701.61
0.0640641,1694.63
0.0680681,1685.63
0.0720721,1674.76
0.0760761,1660.98
0.0800801,1644.68
0.0840841,1625.34
0.0880881,1602.51
0.0920921,1576.85
0.0960961,1547.28
0.1001,1514.66
0.104104,1478.88
0.108108,1439.79
0.112112,1398.58
0.116116,1354.58
0.12012,1309.08
0.124124,1262.36
0.128128,1214.66
0.132132,1167.39
0.136136,1120.14
0.14014,1074.25
0.144144,1030.06
0.148148,987.674
0.152152,948.291
0.156156,911.296
0.16016,877.464
0.164164,846.873
0.168168,819.048
0.172172,794.38
0.176176,772.331
0.18018,752.462
0.184184,734.671
0.188188,718.42
0.192192,702.846
0.196196,688.174
0.2002,673.48
0.204204,658.33
0.208208,642.809
0.212212,626.316
0.216216,608.789
0.22022,590.391
0.224224,570.98
0.228228,550.724
0.232232,530.249
0.236236,509.307
0.24024,488.783
0.244244,468.918
0.248248,449.831
0.252252,432.573
0.256256,416.657
0.26026,402.645
0.264264,390.332
0.268268,379.666
0.272272,372.117
0.276276,366.557
0.28028,362.209
0.284284,358.84
0.288288,356.062
0.292292,353.262
0.296296,350.62
0.3003,347.582
0.304304,343.517
0.308308,338.414
0.312312,332.337
0.316316,324.714
0.32032,316.08
0.324324,306.554
0.328328,296.09
0.332332,285.588
0.336336,274.783
0.34034,264.498
0.344344,255.039
0.348348,246.341
0.352352,239.328
0.356356,233.317
0.36036,228.848
0.364364,225.967
0.368368,223.85
0.372372,222.875
0.376376,222.479
0.38038,222.09
0.384384,221.449
0.388388,220.546
0.392392,219.135
0.396396,216.364
0.4004,212.643
0.404404,207.992
0.408408,202.065
0.412412,195.684
0.416416,188.526
0.42042,181.256
0.424424,174.227
0.428428,167.426
0.432432,161.717
0.436436,156.633
0.44044,152.774
0.444444,150.221
0.448448,148.32
0.452452,147.873
0.456456,147.892
0.46046,147.918
0.464464,147.945
0.468468,147.973
0.472472,147.879
0.476476,146.534
0.48048,144.356
0.484484,141.504
0.488488,137.462
0.492492,133.025
0.496496,127.891
0.500501,122.612
0.504505,117.541
0.508509,112.637
0.512513,108.706
0.516517,105.244
0.520521,102.896
0.524525,101.937
0.528529,101.324
0.532533,101.237
0.536537,101.987
0.540541,102.91
0.544545,103.48
0.548549,103.946
0.552553,104.006
0.556557,103.002
0.560561,101.319
0.564565,99.0394
0.568569,95.721
0.572573,92.1765
0.576577,88.1954
0.580581,84.2776
0.584585,80.7448
0.588589,77.5006
0.592593,75.3896
0.596597,73.8432
0.600601,72.9888
0.604605,73.1668
0.608609,73.8651
0.612613,74.7183
0.616617,76.0626
0.620621,77.1984
0.624625,77.5092
0.628629,77.6829
0.632633,77.654
0.636637,76.3654
0.640641,74.2891
0.644645,71.9122
0.648649,68.8732
0.652653,65.8881
0.656657,62.8098
0.660661,60.1203
0.664665,58.0846
0.668669,56.3993
0.672673,55.9172
0.676677,56.0641
0.680681,56.3535
0.684685,57.0314
0.688689,58.3548
0.692693,59.4094
0.696697,60.2473
0.700701,60.7704
0.704705,60.5582
0.708709,59.6705
0.712713,58.4782
0.716717,56.4814
0.720721,54.0377
0.724725,51.5711
0.728729,48.9565
0.732733,46.8032
0.736737,44.8167
0.740741,43.5063
0.744745,43.266
0.748749,43.1606
0.752753,43.1654
0.756757,43.8984
0.760761,44.9384
0.764765,45.6792
0.768769,46.3459
0.772773,46.5488
0.776777,46.1141
0.780781,45.3047
0.784785,44.1081
0.788789,42.1767
0.792793,40.1395
0.796797,37.9111
0.800801,35.7939
0.804805,34.0428
0.808809,32.4882
0.812813,31.837
0.816817,31.6656
0.820821,31.5818
0.824825,31.8072
0.828829,32.6086
0.832833,33.3002
0.836837,33.8438
0.840841,34.2075
0.844845,34.0802
0.848849,33.4455
0.852853,32.5895
0.856857,31.1832
0.860861,29.4556
0.864865,27.7517
0.868869,25.9699
0.872873,24.5753
0.876877,23.3669
0.880881,22.5901
0.884885,22.5725
0.888889,22.7719
0.892893,23.0737
0.896897,23.7987
0.900901,24.6785
0.904905,25.25
0.908909,25.7218
0.912913,25.878
0.916917,25.5076
0.920921,24.8107
0.924925,23.8957
0.928929,22.5383
0.932933,21.1989
0.936937,19.8177
0.940941,18.6568
0.944945,18.0146
0.948949,17.5496
0.952953,17.4013
0.956957,17.751
0.960961,18.3817
0.964965,19.0766
0.968969,19.9594
0.972973,20.5621
0.976977,20.9016
0.980981,21.1067
0.984985,20.9767
0.988989,20.3227
0.992993,19.5158
0.996997,18.4595
1.001,17.3123
1.00501,16.3161
1.00901,15.3566
1.01301,14.9922
1.01702,14.9984
1.02102,15.0144
1.02503,15.201
1.02903,15.9385
1.03303,16.7109
1.03704,17.4779
1.04104,18.0851
1.04505,18.1452
1.04905,18.0967
1.05305,18.0054
1.05706,17.4168
1.06106,16.4553
1.06507,15.508
1.06907,14.447
1.07307,13.613
1.07708,12.9388
1.08108,12.484
1.08509,12.474
1.08909,12.6822
1.09309,12.9752
1.0971,13.5009
1.1011,14.1203
1.10511,14.4913
1.10911,14.7746
1.11311,14.8816
1.11712,14.5991
1.12112,14.0356
1.12513,13.3502
1.12913,12.38
1.13313,11.4375
1.13714,10.4997
1.14114,9.72213
1.14515,9.34998
1.14915,9.10722
1.15315,9.01989
1.15716,9.25204
1.16116,9.69087
1.16517,10.1173
1.16917,10.6182
1.17317,10.8543
1.17718,10.8287
1.18118,10.763
1.18519,10.5668
1.18919,9.94443
1.19319,9.23527
1.1972,8.46591
1.2012,7.71874
1.20521,7.18957
1.20921,6.74309
1.21321,6.56093
1.21722,6.66366
1.22122,6.88766
1.22523,7.1876
1.22923,7.67369
1.23323,8.08411
1.23724,8.35126
1.24124,8.53749
1.24525,8.51389
1.24925,8.2279
1.25325,7.84492
1.25726,7.31136
1.26126,6.69648
1.26527,6.18723
1.26927,5.69798
1.27327,5.48296
1.27728,5.52474
1.28128,5.62863
1.28529,5.82274
1.28929,6.29015
1.29329,6.78885
1.2973,7.24918
1.3013,7.63436
1.30531,7.6905
1.30931,7.64968
1.31331,7.57722
1.31732,7.26887
1.32132,6.75636
1.32533,6.28055
1.32933,5.76436
1.33333,5.46806
1.33734,5.38558
1.34134,5.33855
1.34535,5.38837
1.34935,5.74528
1.35335,6.19048
1.35736,6.64661
1.36136,7.09709
1.36537,7.30116
1.36937,7.41672
1.37337,7.4635
1.37738,7.26744
1.38138,6.84561
1.38539,6.39685
1.38939,5.84034
1.39339,5.36125
1.3974,4.96727
1.4014,4.67262
1.40541,4.6345
1.40941,4.71826
1.41341,4.84855
1.41742,5.09877
1.42142,5.44148
1.42543,5.65784
1.42943,5.81859
1.43343,5.89311
1.43744,5.76984
1.44144,5.48033
1.44545,5.13417
1.44945,4.64048
1.45345,4.15841
1.45746,3.69821
1.46146,3.31581
1.46547,3.17999
1.46947,3.1199
1.47347,3.09586
1.47748,3.21192
1.48148,3.46644
1.48549,3.6727
1.48949,3.86893
1.49349,3.97361
1.4975,3.92064
1.5015,3.78213
1.50551,3.58654
1.50951,3.23362
1.51351,2.86674
1.51752,2.49792
1.52152,2.18558
1.52553,2.09857
1.52953,2.07496
1.53353,2.06577
1.53754,2.18965
1.54154,2.49084
1.54555,2.77422
1.54955,3.07983
1.55355,3.28382
1.55756,3.33135
1.56156,3.35864
1.56557,3.33769
1.56957,3.13199
1.57357,2.88116
1.57758,2.622
1.58158,2.38514
1.58559,2.33609
1.58959,2.34615
1.59359,2.36617
1.5976,2.50767
1.6016,2.8295
1.60561,3.14553
1.60961,3.48978
1.61361,3.75955
1.61762,3.89013
1.62162,3.97848
1.62563,3.97682
1.62963,3.80113
1.63363,3.56006
1.63764,3.28265
1.64164,2.97818
1.64565,2.77916
1.64965,2.62662
1.65365,2.55003
1.65766,2.60605
1.66166,2.76112
1.66567,2.94053
1.66967,3.19149
1.67367,3.4097
1.67768,3.51967
1.68168,3.5968
1.68569,3.59711
1.68969,3.43205
1.69369,3.19296
1.6977,2.90527
1.7017,2.5633
1.70571,2.27801
1.70971,1.99853
1.71371,1.8481
1.71772,1.85023
1.72172,1.86731
1.72573,1.90621
1.72973,2.06686
1.73373,2.25181
1.73774,2.36585
1.74174,2.45727
1.74575,2.47033
1.74975,2.36831
1.75375,2.21012
1.75776,1.99627
1.76176,1.71845
1.76577,1.47257
1.76977,1.21817
1.77377,1.0748
1.77778,1.06146
1.78178,1.0558
1.78579,1.0652
1.78979,1.19163
1.79379,1.36376
1.7978,1.49093
1.8018,1.60601
1.80581,1.63344
1.80981,1.59141
1.81381,1.51988
1.81782,1.3957
1.82182,1.21286
1.82583,1.06618
1.82983,0.929626
1.83383,0.853159
1.83784,0.874415
1.84184,0.951782
1.84585,1.05771
1.84985,1.24426
1.85385,1.46499
1.85786,1.65399
1.86186,1.83113
1.86587,1.88074
1.86987,1.87288
1.87387,1.85662
1.87788,1.77969
1.88188,1.61031
1.88589,1.46461
1.88989,1.32059
1.89389,1.23397
1.8979,1.24585
1.9019,1.29874
1.90591,1.3772
1.90991,1.54483
1.91391,1.75239
1.91792,1.9335
1.92192,2.10832
1.92593,2.15996
1.92993,2.14823
1.93393,2.12394
1.93794,2.03431
1.94194,1.83243
1.94595,1.63474
1.94995,1.41935
1.95395,1.25478
1.95796,1.17546
1.96196,1.12157
1.96597,1.11183
1.96997,1.18779
1.97397,1.30462
1.97798,1.41858
1.98198,1.54334
1.98599,1.58372
1.98999,1.57237
1.99399,1.54875
1.998,1.47259
2.002,1.3011
2.00601,1.1281
2.01001,0.934844
2.01401,0.782742
2.01802,0.699129
2.02202,0.639747
2.02603,0.626344
2.03003,0.686875
2.03403,0.787049
2.03804,0.891385
2.04204,1.01451
2.04605,1.07042
2.05005,1.08411
2.05405,1.09065
2.05806,1.05406
2.06206,0.933819
2.06607,0.810476
2.07007,0.666007
2.07407,0.558286
2.07808,0.51711
2.08208,0.491616
2.08609,0.487354
2.09009,0.55588
2.09409,0.673647
2.0981,0.786015
2.1021,0.912292
2.10611,0.982134
2.11011,1.01145
2.11411,1.02687
2.11812,0.999583
2.12212,0.902221
2.12613,0.800045
2.13013,0.675749
2.13413,0.583225
2.13814,0.5567
2.14214,0.5424
2.14615,0.540737
2.15015,0.609186
2.15415,0.72785
2.15816,0.838901
2.16216,0.962193
2.16617,1.02736
2.17017,1.05016
2.17417,1.062
2.17818,1.03404
2.18218,0.92888
2.18619,0.815792
2.19019,0.682142
2.19419,0.570499
2.1982,0.510886
2.2022,0.468587
2.20621,0.456713
2.21021,0.503335
2.21421,0.587225
2.21822,0.673597
2.22222,0.777832
2.22623,0.837038
2.23023,0.858596
2.23423,0.870124
2.23824,0.847734
2.24224,0.758409
2.24625,0.661982
2.25025,0.545768
2.25425,0.452858
2.25826,0.414516
2.26226,0.390538
2.26627,0.384161
2.27027,0.436593
2.27427,0.535097
2.27828,0.63138
2.28228,0.742679
2.28629,0.815301
2.29029,0.85185
2.29429,0.873122
2.2983,0.857198
2.3023,0.784418
2.30631,0.703643
2.31031,0.601243
2.31431,0.519323
2.31832,0.49544
2.32232,0.483471
2.32633,0.480689
2.33033,0.538062
2.33433,0.647054
2.33834,0.751819
2.34234,0.870964
2.34635,0.951418
2.35035,0.99399
2.35435,1.01952
2.35836,1.00468
2.36236,0.927919
2.36637,0.837549
2.37037,0.72398
2.37437,0.615299
2.37838,0.542697
2.38238,0.484266
2.38639,0.46352
2.39039,0.488995
2.39439,0.539203
2.3984,0.598493
2.4024,0.68122
2.40641,0.735571
2.41041,0.756686
2.41441,0.768852
2.41842,0.753904
2.42242,0.67823
2.42643,0.589001
2.43043,0.481129
2.43443,0.376732
2.43844,0.298261
2.44244,0.232384
2.44645,0.208885
2.45045,0.222277
2.45445,0.25084
2.45846,0.289084
2.46246,0.350933
2.46647,0.396207
2.47047,0.414562
2.47447,0.425538
2.47848,0.416143
2.48248,0.364825
2.48649,0.30689
2.49049,0.231877
2.49449,0.175736
2.4985,0.165156
2.5025,0.162282
2.50651,0.161493
2.51051,0.199335
2.51451,0.286328
2.51852,0.369448
2.52252,0.458853
2.52653,0.52439
2.53053,0.560614
2.53453,0.583781
2.53854,0.578458
2.54254,0.53605
2.54655,0.487981
2.55055,0.43009
2.55455,0.382591
2.55856,0.37838
2.56256,0.393627
2.56657,0.418782
2.57057,0.483281
2.57457,0.590864
2.57858,0.694306
2.58258,0.805868
2.58659,0.885536
2.59059,0.926959
2.59459,0.953357
2.5986,0.946195
2.6026,0.885268
2.60661,0.80971
2.61061,0.71709
2.61461,0.623921
2.61862,0.564452
2.62262,0.517745
2.62663,0.498288
2.63063,0.520224
2.63463,0.568459
2.63864,0.623295
2.64264,0.698721
2.64665,0.753469
2.65065,0.775074
2.65465,0.788391
2.65866,0.779673
2.66266,0.714833
2.66667,0.632332
2.67067,0.534145
2.67467,0.429191
2.67868,0.340372
2.68268,0.256923
2.68669,0.22189
2.69069,0.221173
2.69469,0.220811
2.6987,0.226942
2.7027,0.265225
2.70671,0.30119
2.71071,0.313359
2.71471,0.321103
2.71872,0.316257
2.72272,0.277292
2.72673,0.228847
2.73073,0.169377
2.73473,0.115616
2.73874,0.0867295
2.74274,0.0671042
2.74675,0.059303
2.75075,0.0750956
2.75475,0.12023
2.75876,0.169649
2.76276,0.226233
2.76677,0.272688
2.77077,0.297452
2.77477,0.314299
2.77878,0.313085
2.78278,0.285256
2.78679,0.250941
2.79079,0.208004
2.79479,0.170315
2.7988,0.163969
2.8028,0.167536
2.80681,0.174212
2.81081,0.203073
2.81481,0.264673
2.81882,0.324393
2.82282,0.388096
2.82683,0.432006
2.83083,0.445232
2.83483,0.45313
2.83884,0.448441
2.84284,0.40384
2.84685,0.348438
2.85085,0.287134
2.85485,0.22918
2.85886,0.199773
2.86286,0.181086
2.86687,0.17284
2.87087,0.189362
2.87487,0.23231
2.87888,0.276711
2.88288,0.329295
2.88689,0.367185
2.89089,0.377007
2.89489,0.382768
2.8989,0.378723
2.9029,0.337888
2.90691,0.286404
2.91091,0.22974
2.91491,0.176106
2.91892,0.148301
2.92292,0.130436
2.92693,0.122393
2.93093,0.136102
2.93493,0.174052
2.93894,0.213867
2.94294,0.260535
2.94695,0.294945
2.95095,0.303513
2.95495,0.30849
2.95896,0.305387
2.96296,0.270183
2.96697,0.226023
2.97097,0.177205
2.97497,0.133244
2.97898,0.117953
2.98298,0.111957
2.98699,0.109399
2.99099,0.124687
2.99499,0.169654
2.999,0.215761
3.003,0.264902
3.00701,0.302073
3.01101,0.313993
3.01502,0.321261
3.01902,0.319445
3.02302,0.287738
3.02703,0.246424
3.03103,0.20161
3.03504,0.158192
3.03904,0.13736
3.04304,0.125561
3.04705,0.120061
3.05105,0.131136
3.05506,0.163638
3.05906,0.1971
3.06306,0.235584
3.06707,0.261683
3.07107,0.262254
3.07508,0.262159
3.07908,0.258884
3.08308,0.225148
3.08709,0.180857
3.09109,0.135345
3.0951,0.0915827
3.0991,0.0637108
3.1031,0.0429001
3.10711,0.0337082
3.11111,0.0385457
3.11512,0.0552502
3.11912,0.0740734
3.12312,0.0964274
3.12713,0.112759
3.13113,0.11241
3.13514,0.109455
3.13914,0.103309
3.14314,0.0805725
3.14715,0.0565107
3.15115,0.0355059
3.15516,0.0206773
3.15916,0.0183215
3.16316,0.0278234
3.16717,0.0483353
3.17117,0.0746568
3.17518,0.112631
3.17918,0.146963
3.18318,0.178365
3.18719,0.198001
3.19119,0.196834
3.1952,0.190506
3.1992,0.180052
3.2032,0.152431
3.20721,0.126265
3.21121,0.110589
3.21522,0.0988535
3.21922,0.0970729
3.22322,0.116098
3.22723,0.149797
3.23123,0.188541
3.23524,0.239505
3.23924,0.283819
3.24324,0.324417
3.24725,0.350127
3.25125,0.348568
3.25526,0.339164
3.25926,0.324222
3.26326,0.286555
3.26727,0.243943
3.27127,0.205585
3.27528,0.171367
3.27928,0.162266
3.28328,0.16631
3.28729,0.17427
3.29129,0.192892
3.2953,0.231847
3.2993,0.267939
3.3033,0.30155
3.30731,0.324112
3.31131,0.322576
3.31532,0.312604
3.31932,0.296999
3.32332,0.25868
3.32733,0.211327
3.33133,0.164636
3.33534,0.119431
3.33934,0.0896425
3.34334,0.0669161
3.34735,0.0552579
3.35135,0.0575377
3.35536,0.0676085
3.35936,0.0788222
3.36336,0.0924463
3.36737,0.103162
3.37137,0.102112
3.37538,0.095593
3.37938,0.0861394
3.38338,0.0670035
3.38739,0.0442087
3.39139,0.0177912
3.3954,0.00390261
3.3994,0.0022792
3.4034,0.00433109
3.40741,0.0107932
3.41141,0.021264
3.41542,0.039614
3.41942,0.0562812
3.42342,0.0681906
3.42743,0.0756829
3.43143,0.0738253
3.43544,0.0654695
3.43944,0.0552988
3.44344,0.0381509
3.44745,0.0275838
3.45145,0.0274885
3.45546,0.0299624
3.45946,0.0344163
3.46346,0.0511849
3.46747,0.0823836
3.47147,0.111746
3.47548,0.142983
3.47948,0.163575
3.48348,0.175795
3.48749,0.182841
3.49149,0.178134
3.4955,0.158995
3.4995,0.137125
3.5035,0.107839
3.50751,0.0835328
3.51151,0.0706021
3.51552,0.0615283
3.51952,0.0591162
3.52352,0.0710387
3.52753,0.0940975
3.53153,0.117854
3.53554,0.146571
3.53954,0.165912
3.54354,0.176385
3.54755,0.18247
3.55155,0.177642
3.55556,0.156967
3.55956,0.132947
3.56356,0.101872
3.56757,0.0736559
3.57157,0.0532886
3.57558,0.0376889
3.57958,0.033204
3.58358,0.0397363
3.58759,0.0531786
3.59159,0.0689954
3.5956,0.0908061
3.5996,0.105944
3.6036,0.113172
3.60761,0.117362
3.61161,0.113535
3.61562,0.0966953
3.61962,0.0776885
3.62362,0.0523863
3.62763,0.0341601
3.63163,0.026942
3.63564,0.0226025
3.63964,0.0214189
3.64364,0.0312377
3.64765,0.0550339
3.65165,0.0780206
3.65566,0.103006
3.65966,0.119507
3.66366,0.127665
3.66767,0.132431
3.67167,0.128988
3.67568,0.112536
3.67968,0.0940237
3.68368,0.0703088
3.68769,0.0517222
3.69169,0.0440509
3.6957,0.0393333
3.6997,0.0378994
3.7037,0.0472648
3.70771,0.0672756
3.71171,0.0864756
3.71572,0.108104
3.71972,0.12053
3.72372,0.124038
3.72773,0.125921
3.73173,0.121944
3.73574,0.103256
3.73974,0.0820453
3.74374,0.0581377
3.74775,0.0365208
3.75175,0.0200527
3.75576,0.00889639
3.75976,0.00617381
3.76376,0.00903597
3.76777,0.0167158
3.77177,0.0252214
3.77578,0.0358456
3.77978,0.0413003
3.78378,0.0406036
3.78779,0.0389047
3.79179,0.0341994
3.7958,0.0224527
3.7998,0.0127844
3.8038,0.0045265
3.80781,0.00163572
3.81181,0.00198236
3.81582,0.00871747
3.81982,0.028767
3.82382,0.0486611
3.82783,0.0700726
3.83183,0.0875315
3.83584,0.103565
3.83984,0.110451
3.84384,0.107803
3.84785,0.10196
3.85185,0.0921708
3.85586,0.0746281
3.85986,0.0630841
3.86386,0.0574111
3.86787,0.0539502
3.87187,0.0564469
3.87588,0.074167
3.87988,0.0997198
3.88388,0.128616
3.88789,0.162167
3.89189,0.188885
3.8959,0.213376
3.8999,0.224363
3.9039,0.220771
3.90791,0.212316
3.91191,0.198105
3.91592,0.169566
3.91992,0.141441
3.92392,0.111761
3.92793,0.0902131
3.93193,0.0872915
3.93594,0.0875548
3.93994,0.088071
3.94394,0.0999871
3.94795,0.124842
3.95195,0.145872
3.95596,0.166924
3.95996,0.177411
3.96396,0.175631
3.96797,0.171039
3.97197,0.161557
3.97598,0.136973
3.97998,0.10972
3.98398,0.0811191
3.98799,0.0557859
3.99199,0.0393956
3.996,0.0281625
4,0.0201417
