# 20260615_152144
# initdata:	data/AuAu200_cc_(0,5)plus10/initdata.csv
# freezeout file: 	data/AuAu200_cc_(0,5)plus10/freezeout.csv
# particle mass:	1.92
# NpT:	400
# pTmax:	4
# epsabs:	0
# epsrel:	1e-05
# integr iter:	10000
pT,spec
0,1292.64
0.0100251,1288.85
0.0200501,1277.62
0.0300752,1259.35
0.0401003,1234.71
0.0501253,1204.52
0.0601504,1169.83
0.0701754,1131.96
0.0802005,1092.54
0.0902256,1053.46
0.100251,1016.72
0.110276,984.091
0.120301,956.687
0.130326,934.582
0.140351,916.606
0.150376,900.461
0.160401,883.155
0.170426,861.698
0.180451,833.867
0.190476,798.834
0.200501,757.444
0.210526,712.073
0.220551,666.074
0.230576,622.955
0.240602,585.526
0.250627,555.24
0.260652,531.897
0.270677,513.806
0.280702,498.347
0.290727,482.768
0.300752,465.004
0.310777,444.261
0.320802,421.241
0.330827,397.839
0.340852,376.506
0.350877,359.384
0.360902,347.548
0.370927,340.578
0.380952,336.645
0.390977,333.101
0.401003,327.371
0.411028,317.861
0.421053,304.53
0.431078,288.901
0.441103,273.484
0.451128,260.813
0.461153,252.459
0.471178,248.402
0.481203,247.026
0.491228,245.756
0.501253,242.093
0.511278,234.628
0.521303,223.612
0.531328,210.842
0.541353,198.889
0.551378,190.006
0.561404,185.155
0.571429,183.621
0.581454,183.336
0.591479,181.804
0.601504,177.237
0.611529,169.338
0.621554,159.371
0.631579,149.649
0.641604,142.357
0.651629,138.596
0.661654,137.881
0.671679,138.412
0.681704,137.973
0.691729,135.003
0.701754,129.343
0.711779,122.262
0.721805,115.777
0.73183,111.602
0.741855,110.273
0.75188,110.895
0.761905,111.634
0.77193,110.709
0.781955,107.336
0.79198,102.14
0.802005,96.7944
0.81203,93.0899
0.822055,91.9398
0.83208,92.8614
0.842105,94.2341
0.85213,94.1933
0.862155,91.6697
0.87218,86.9894
0.882206,81.6935
0.892231,77.6688
0.902256,76.0791
0.912281,76.7029
0.922306,78.0628
0.932331,78.2735
0.942356,76.1253
0.952381,71.7733
0.962406,66.6337
0.972431,62.5479
0.982456,60.712
0.992481,61.0016
1.00251,62.0924
1.01253,62.2943
1.02256,60.5818
1.03258,57.202
1.04261,53.4822
1.05263,50.9744
1.06266,50.4751
1.07268,51.5341
1.08271,52.7616
1.09273,52.7281
1.10276,50.8802
1.11278,47.8835
1.12281,45.173
1.13283,44.0057
1.14286,44.6321
1.15288,46.1304
1.16291,47.0089
1.17293,46.1843
1.18296,43.6871
1.19298,40.6342
1.20301,38.482
1.21303,38.0635
1.22306,39.0451
1.23308,40.1669
1.24311,40.0954
1.25313,38.3114
1.26316,35.4366
1.27318,32.7834
1.28321,31.4496
1.29323,31.5817
1.30326,32.312
1.31328,32.3996
1.32331,31.1191
1.33333,28.7692
1.34336,26.4481
1.35338,25.263
1.36341,25.5407
1.37343,26.601
1.38346,27.2518
1.39348,26.6467
1.40351,24.8875
1.41353,22.9397
1.42356,21.9272
1.43358,22.3195
1.44361,23.5995
1.45363,24.6482
1.46366,24.5582
1.47368,23.2793
1.48371,21.6271
1.49373,20.657
1.50376,20.8764
1.51378,21.877
1.52381,22.6564
1.53383,22.3771
1.54386,20.9919
1.55388,19.264
1.56391,18.1801
1.57393,18.2005
1.58396,18.9211
1.59398,19.396
1.60401,18.8705
1.61404,17.3617
1.62406,15.6429
1.63409,14.6513
1.64411,14.7769
1.65414,15.5776
1.66416,16.134
1.67419,15.7616
1.68421,14.5258
1.69424,13.1679
1.70426,12.5099
1.71429,12.8136
1.72431,13.5946
1.73434,14.0277
1.74436,13.6139
1.75439,12.5735
1.76441,11.6575
1.77444,11.5323
1.78446,12.236
1.79449,13.1405
1.80451,13.4487
1.81454,12.8262
1.82456,11.6611
1.83459,10.7475
1.84461,10.6505
1.85464,11.2633
1.86466,11.9086
1.87469,11.8934
1.88471,11.0641
1.89474,9.91476
1.90476,9.17134
1.91479,9.19869
1.92481,9.71698
1.93484,10.0528
1.94486,9.70809
1.95489,8.77359
1.96491,7.84665
1.97494,7.52935
1.98496,7.92732
1.99499,8.56626
2.00501,8.79092
2.01504,8.31039
2.02506,7.4342
2.03509,6.80678
2.04511,6.86712
2.05514,7.48736
2.06516,8.08928
2.07519,8.13453
2.08521,7.57216
2.09524,6.8684
2.10526,6.59978
2.11529,6.95843
2.12531,7.58935
2.13534,7.89353
2.14536,7.53543
2.15539,6.72354
2.16541,6.02912
2.17544,5.90243
2.18546,6.29994
2.19549,6.73585
2.20551,6.70604
2.21554,6.11676
2.22556,5.35425
2.23559,4.94149
2.24561,5.08703
2.25564,5.51421
2.26566,5.71294
2.27569,5.38916
2.28571,4.71933
2.29574,4.19218
2.30576,4.1808
2.31579,4.61972
2.32581,5.06651
2.33584,5.08826
2.34586,4.63349
2.35589,4.06652
2.36591,3.8406
2.37594,4.10119
2.38596,4.567
2.39599,4.7873
2.40602,4.54291
2.41604,4.03537
2.42607,3.70067
2.43609,3.81721
2.44612,4.25726
2.45614,4.6008
2.46617,4.50695
2.47619,4.01284
2.48622,3.4966
2.49624,3.34139
2.50627,3.60103
2.51629,3.96146
2.52632,4.0268
2.53634,3.67052
2.54637,3.13997
2.55639,2.82699
2.56642,2.91598
2.57644,3.22588
2.58647,3.38332
2.59649,3.16486
2.60652,2.69824
2.61654,2.34357
2.62657,2.36683
2.63659,2.70315
2.64662,3.02172
2.65664,3.02868
2.66667,2.73014
2.67669,2.41762
2.68672,2.39336
2.69674,2.68943
2.70677,3.03747
2.71679,3.11505
2.72682,2.84193
2.73684,2.45538
2.74687,2.2963
2.75689,2.50186
2.76692,2.88392
2.77694,3.1016
2.78697,2.96873
2.79699,2.61589
2.80702,2.36286
2.81704,2.42184
2.82707,2.70434
2.83709,2.90601
2.84712,2.78832
2.85714,2.39676
2.86717,2.01785
2.87719,1.91779
2.88722,2.10455
2.89724,2.32938
2.90727,2.32143
2.91729,2.03558
2.92732,1.6868
2.93734,1.54453
2.94737,1.68244
2.95739,1.916
2.96742,1.98196
2.97744,1.78865
2.98747,1.50127
2.99749,1.38724
3.00752,1.56376
3.01754,1.88903
3.02757,2.09439
3.03759,2.03368
3.04762,1.81573
3.05764,1.69711
3.06767,1.83666
3.07769,2.14216
3.08772,2.35165
3.09774,2.27384
3.10777,1.96377
3.11779,1.67158
3.12782,1.61404
3.13784,1.78091
3.14787,1.95323
3.15789,1.91188
3.16792,1.63879
3.17794,1.32747
3.18797,1.19667
3.19799,1.28766
3.20802,1.43343
3.21805,1.42392
3.22807,1.20708
3.2381,0.935006
3.24812,0.816795
3.25815,0.920548
3.26817,1.11405
3.2782,1.19752
3.28822,1.09809
3.29825,0.938663
3.30827,0.915997
3.3183,1.10624
3.32832,1.38527
3.33835,1.54128
3.34837,1.47281
3.3584,1.28395
3.36842,1.18564
3.37845,1.29611
3.38847,1.52903
3.3985,1.6741
3.40852,1.59362
3.41855,1.34963
3.42857,1.14334
3.4386,1.12644
3.44862,1.26241
3.45865,1.36651
3.46867,1.2828
3.4787,1.02931
3.48872,0.776682
3.49875,0.685543
3.50877,0.760228
3.5188,0.856144
3.52882,0.828027
3.53885,0.672656
3.54887,0.528623
3.5589,0.536833
3.56892,0.699752
3.57895,0.876662
3.58897,0.918657
3.599,0.8115
3.60902,0.687546
3.61905,0.69557
3.62907,0.854764
3.6391,1.03423
3.64912,1.07766
3.65915,0.952959
3.66917,0.782873
3.6792,0.727705
3.68922,0.83303
3.69925,0.988008
3.70927,1.03286
3.7193,0.911178
3.72932,0.721532
3.73935,0.620814
3.74937,0.674429
3.7594,0.797025
3.76942,0.838515
3.77945,0.729909
3.78947,0.548116
3.7995,0.439493
3.80952,0.478949
3.81955,0.601349
3.82957,0.66949
3.8396,0.609374
3.84962,0.480223
3.85965,0.412663
3.86967,0.476522
3.8797,0.612985
3.88972,0.690161
3.89975,0.633269
3.90977,0.49702
3.9198,0.41149
3.92982,0.454896
3.93985,0.578374
3.94987,0.655521
3.9599,0.607608
3.96992,0.481287
3.97995,0.403088
3.98997,0.455634
4,0.596817
