# 20251205_151658
qT,primespec
0,118267
0.004004,117441
0.00800801,116547
0.012012,115055
0.016016,112419
0.02002,109209
0.024024,105482
0.028028,101118
0.032032,96432.2
0.036036,91276.8
0.04004,85869.1
0.044044,80266.5
0.048048,74496.1
0.0520521,68736.8
0.0560561,62962.8
0.0600601,57311.7
0.0640641,51828.8
0.0680681,46547.9
0.0720721,41563.3
0.0760761,36858.1
0.0800801,32503.3
0.0840841,28500.4
0.0880881,24853.8
0.0920921,21597.8
0.0960961,18682.1
0.1001,16140.6
0.104104,13932.3
0.108108,12033.2
0.112112,10457.7
0.116116,9120.78
0.12012,8047.1
0.124124,7188.07
0.128128,6497.8
0.132132,5996.16
0.136136,5602.53
0.14014,5325.66
0.144144,5142.85
0.148148,5010.33
0.152152,4935.82
0.156156,4890.18
0.16016,4855.04
0.164164,4826.49
0.168168,4801.18
0.172172,4764.42
0.176176,4710.65
0.18018,4643.23
0.184184,4556.92
0.188188,4449.4
0.192192,4330.47
0.196196,4193.82
0.2002,4048.36
0.204204,3897.37
0.208208,3741.14
0.212212,3588.95
0.216216,3438.56
0.22022,3296.06
0.224224,3163.73
0.228228,3040.3
0.232232,2929.66
0.236236,2829.47
0.24024,2739.21
0.244244,2658.81
0.248248,2585.93
0.252252,2518.11
0.256256,2455.52
0.26026,2395.46
0.264264,2336.45
0.268268,2278.92
0.272272,2221.63
0.276276,2164.41
0.28028,2108.43
0.284284,2053.77
0.288288,2000.75
0.292292,1951.31
0.296296,1904.71
0.3003,1861.8
0.304304,1823.16
0.308308,1787.74
0.312312,1754.95
0.316316,1724.99
0.32032,1695.88
0.324324,1666.7
0.328328,1637.58
0.332332,1606.75
0.336336,1574.09
0.34034,1540.01
0.344344,1504.19
0.348348,1467.05
0.352352,1430.45
0.356356,1393.79
0.36036,1358.96
0.364364,1326.94
0.368368,1297.18
0.372372,1271.07
0.376376,1248.09
0.38038,1227.3
0.384384,1208.61
0.388388,1191.41
0.392392,1173.57
0.396396,1155.4
0.4004,1136.06
0.404404,1114.43
0.408408,1090.85
0.412412,1066.12
0.416416,1039.57
0.42042,1013.06
0.424424,987.471
0.428428,962.748
0.432432,941.252
0.436436,922.125
0.44044,905.883
0.444444,893.123
0.448448,882.434
0.452452,872.717
0.456456,864.303
0.46046,855.589
0.464464,845.152
0.468468,833.299
0.472472,819.694
0.476476,803.396
0.48048,785.831
0.484484,767.63
0.488488,748.826
0.492492,731.973
0.496496,716.272
0.500501,703.232
0.504505,693.771
0.508509,686.237
0.512513,681.183
0.516517,678.077
0.520521,675.144
0.524525,671.323
0.528529,666.805
0.532533,660.68
0.536537,651.27
0.540541,639.719
0.544545,626.498
0.548549,611.202
0.552553,596.411
0.556557,581.565
0.560561,568.382
0.564565,558.039
0.568569,549.367
0.572573,543.77
0.576577,540.356
0.580581,537.552
0.584585,534.811
0.588589,532.23
0.592593,528.439
0.596597,521.906
0.600601,513.406
0.604605,503.056
0.608609,490.266
0.612613,477.438
0.616617,464.031
0.620621,451.78
0.624625,441.924
0.628629,433.49
0.632633,428.501
0.636637,425.575
0.640641,423.635
0.644645,422.585
0.648649,421.926
0.652653,420.677
0.656657,417.288
0.660661,412.301
0.664665,405.81
0.668669,397.02
0.672673,388.087
0.676677,378.56
0.680681,369.914
0.684685,363.279
0.688689,357.699
0.692693,355.265
0.696697,354.413
0.700701,353.953
0.704705,353.806
0.708709,353.74
0.712713,353.465
0.716717,350.435
0.720721,345.362
0.724725,339.094
0.728729,330.516
0.732733,321.902
0.736737,312.886
0.740741,304.805
0.744745,298.843
0.748749,293.911
0.752753,291.768
0.756757,291.181
0.760761,290.762
0.764765,290.255
0.768769,289.735
0.772773,288.75
0.776777,285.196
0.780781,279.802
0.784785,273.483
0.788789,265.464
0.792793,257.933
0.796797,250.447
0.800801,244.427
0.804805,241.257
0.808809,239.014
0.812813,238.387
0.816817,239.728
0.820821,241.489
0.824825,242.335
0.828829,242.936
0.832833,243.049
0.836837,240.638
0.840841,236.51
0.844845,231.891
0.848849,226.049
0.852853,220.995
0.856857,216.258
0.860861,212.98
0.864865,212.467
0.868869,212.297
0.872873,212.288
0.876877,213.464
0.880881,214.811
0.884885,214.615
0.888889,213.19
0.892893,211.114
0.896897,206.954
0.900901,201.498
0.904905,196.138
0.908909,190.418
0.912913,186.064
0.916917,182.58
0.920921,180.316
0.924925,180.06
0.928929,180.033
0.932933,179.973
0.936937,179.649
0.940941,178.994
0.944945,177.503
0.948949,174.02
0.952953,169.999
0.956957,165.143
0.960961,160.216
0.964965,156.308
0.968969,152.779
0.972973,151.486
0.976977,151.643
0.980981,151.986
0.984985,152.819
0.988989,154.608
0.992993,155.446
0.996997,155.042
1.001,154.169
1.00501,152.524
1.00901,149.123
1.01301,145.683
1.01702,142.166
1.02102,139.257
1.02503,138.145
1.02903,137.5
1.03303,137.303
1.03704,138.354
1.04104,139.688
1.04505,139.829
1.04905,139.661
1.05305,139.347
1.05706,137.304
1.06106,133.899
1.06507,130.473
1.06907,126.536
1.07307,123.356
1.07708,120.763
1.08108,118.963
1.08509,118.692
1.08909,118.658
1.09309,118.604
1.0971,118.461
1.1011,118.19
1.10511,117.437
1.10911,115.31
1.11311,112.813
1.11712,109.872
1.12112,106.89
1.12513,104.746
1.12913,102.911
1.13313,102.182
1.13714,102.431
1.14114,102.907
1.14515,103.43
1.14915,104.11
1.15315,104.426
1.15716,103.835
1.16116,102.637
1.16517,101.178
1.16917,99.0945
1.17317,97.3868
1.17718,96.1323
1.18118,95.2593
1.18519,95.2615
1.18919,95.8121
1.19319,96.3098
1.1972,96.6218
1.2012,96.841
1.20521,96.5842
1.20921,95.026
1.21321,93.0443
1.21722,90.5669
1.22122,87.8647
1.22523,85.8099
1.22923,83.9642
1.23323,83.1715
1.23724,83.2729
1.24124,83.4579
1.24525,83.6058
1.24925,83.7511
1.25325,83.8168
1.25726,82.8609
1.26126,80.8959
1.26527,78.7273
1.26927,75.9146
1.27327,73.5674
1.27728,71.7747
1.28128,70.4848
1.28529,70.4091
1.28929,71.0769
1.29329,71.9121
1.2973,72.9853
1.3013,74.0072
1.30531,74.0742
1.30931,73.4114
1.31331,72.4437
1.31732,70.7404
1.32132,68.6418
1.32533,67.2625
1.32933,66.1565
1.33333,65.6677
1.33734,66.1849
1.34134,67.2328
1.34535,68.2013
1.34935,69.2921
1.35335,69.8504
1.35736,69.3461
1.36136,68.1795
1.36537,66.6569
1.36937,64.2303
1.37337,62.0249
1.37738,60.2687
1.38138,58.9299
1.38539,58.7623
1.38939,59.1246
1.39339,59.5655
1.3974,60.0464
1.4014,60.4928
1.40541,60.4006
1.40941,59.198
1.41341,57.566
1.41742,55.4348
1.42142,53.0289
1.42543,51.4168
1.42943,50.1201
1.43343,49.5191
1.43744,49.9451
1.44144,50.868
1.44545,51.7325
1.44945,52.7185
1.45345,53.2554
1.45746,52.8582
1.46146,51.9059
1.46547,50.7134
1.46947,48.8565
1.47347,47.4794
1.47748,46.926
1.48148,46.573
1.48549,46.6818
1.48949,47.8877
1.49349,49.2413
1.4975,50.2596
1.5015,51.1059
1.50551,51.1598
1.50951,50.278
1.51351,49.0373
1.51752,47.3676
1.52152,45.4394
1.52553,44.2729
1.52953,43.4367
1.53353,43.0423
1.53754,43.4146
1.54154,44.1367
1.54555,44.4355
1.54955,44.5515
1.55355,44.601
1.55756,43.9168
1.56156,42.3235
1.56557,40.7508
1.56957,38.9143
1.57357,37.6205
1.57758,37.118
1.58158,36.8003
1.58559,36.8406
1.58959,37.5844
1.59359,38.1696
1.5976,38.1689
1.6016,38.1451
1.60561,37.9829
1.60961,36.9186
1.61361,35.7287
1.61762,34.8468
1.62162,34.1111
1.62563,34.0105
1.62963,34.5607
1.63363,35.3465
1.63764,36.3766
1.64164,37.5318
1.64565,37.8059
1.64965,37.6891
1.65365,37.4701
1.65766,36.6858
1.66166,35.2719
1.66567,34.2211
1.66967,33.3285
1.67367,32.8453
1.67768,33.0296
1.68168,33.5025
1.68569,33.9135
1.68969,34.3275
1.69369,34.5723
1.6977,34.207
1.7017,33.2076
1.70571,32.0709
1.70971,30.5175
1.71371,29.1658
1.71772,28.3206
1.72172,27.6881
1.72573,27.584
1.72973,27.9519
1.73373,28.2759
1.73774,28.2996
1.74174,28.3086
1.74575,28.2341
1.74975,27.4292
1.75375,26.4439
1.75776,25.66
1.76176,24.9613
1.76577,24.8213
1.76977,25.2336
1.77377,25.8704
1.77778,26.7687
1.78178,27.8877
1.78579,28.2495
1.78979,28.2889
1.79379,28.3053
1.7978,27.8713
1.8018,26.8018
1.80581,26.0518
1.80981,25.5002
1.81381,25.1925
1.81782,25.4192
1.82182,26.0542
1.82583,26.5898
1.82983,27.0819
1.83383,27.3838
1.83784,27.0964
1.84184,26.2106
1.84585,25.1846
1.84985,23.7533
1.85385,22.4752
1.85786,21.6988
1.86186,21.1129
1.86587,20.9914
1.86987,21.3229
1.87387,21.6339
1.87788,21.637
1.88188,21.5982
1.88589,21.4828
1.88989,20.7083
1.89389,19.7488
1.8979,19.0028
1.9019,18.3331
1.90591,18.1693
1.90991,18.5248
1.91391,19.0941
1.91792,19.8573
1.92192,20.833
1.92593,21.1549
1.92993,21.1611
1.93393,21.1637
1.93794,20.8398
1.94194,20.0103
1.94595,19.576
1.94995,19.4117
1.95395,19.329
1.95796,19.5985
1.96196,20.3827
1.96597,20.9398
1.96997,21.2922
1.97397,21.4962
1.97798,21.2144
1.98198,20.2868
1.98599,19.2883
1.98999,18.0443
1.99399,17.0286
1.998,16.5995
2.002,16.3189
2.00601,16.2661
2.01001,16.6398
2.01401,17.0243
2.01802,17.0116
2.02202,16.8664
2.02603,16.6217
2.03003,15.8667
2.03403,15.0098
2.03804,14.4446
2.04204,13.9782
2.04605,13.8544
2.05005,14.1974
2.05405,14.7271
2.05806,15.2505
2.06206,15.8287
2.06607,16.0206
2.07007,15.8681
2.07407,15.6051
2.07808,15.213
2.08208,14.6683
2.08609,14.4783
2.09009,14.5993
2.09409,14.8265
2.0981,15.2532
2.1021,15.9656
2.10611,16.245
2.11011,16.2237
2.11411,16.175
2.11812,15.8534
2.12212,14.9583
2.12613,14.1805
2.13013,13.4845
2.13413,13.0237
2.13814,13.0499
2.14214,13.2644
2.14615,13.499
2.15015,13.7951
2.15415,14.0256
2.15816,13.9208
2.16216,13.4599
2.16617,12.9234
2.17017,12.1487
2.17417,11.5222
2.17818,11.4071
2.18218,11.3627
2.18619,11.365
2.19019,11.7981
2.19419,12.3128
2.1982,12.3814
2.2022,12.3948
2.20621,12.3839
2.21021,11.9043
2.21421,11.254
2.21822,10.8686
2.22222,10.5608
2.22623,10.4648
2.23023,10.7671
2.23423,11.2503
2.23824,11.6571
2.24224,12.0719
2.24625,12.2238
2.25025,12.0008
2.25425,11.6153
2.25826,11.1543
2.26226,10.5634
2.26627,10.3325
2.27027,10.4173
2.27427,10.5918
2.27828,10.9382
2.28228,11.6039
2.28629,11.9165
2.29029,11.9223
2.29429,11.925
2.2983,11.7349
2.3023,11.0104
2.30631,10.3647
2.31031,9.82803
2.31431,9.45574
2.31832,9.46757
2.32232,9.66427
2.32633,9.85546
2.33033,10.0259
2.33433,10.1522
2.33834,10.0535
2.34234,9.57699
2.34635,9.04811
2.35035,8.38133
2.35435,7.85263
2.35836,7.8
2.36236,7.82375
2.36637,7.86976
2.37037,8.23168
2.37437,8.67904
2.37838,8.73663
2.38238,8.73655
2.38639,8.73226
2.39039,8.41731
2.39439,8.03274
2.3984,7.99692
2.4024,8.06914
2.40641,8.19234
2.41041,8.66993
2.41441,9.36569
2.41842,9.83576
2.42242,10.2342
2.42643,10.3919
2.43043,10.1705
2.43443,9.76595
2.43844,9.32576
2.44244,8.77428
2.44645,8.5271
2.45045,8.52079
2.45445,8.51773
2.45846,8.55045
2.46246,8.68709
2.46647,8.76264
2.47047,8.52589
2.47447,8.0709
2.47848,7.5433
2.48248,6.8447
2.48649,6.40823
2.49049,6.22004
2.49449,6.10875
2.4985,6.17808
2.5025,6.56661
2.50651,6.89422
2.51051,7.0479
2.51451,7.14721
2.51852,7.08207
2.52252,6.73116
2.52653,6.45604
2.53053,6.3283
2.53453,6.24687
2.53854,6.32187
2.54254,6.77306
2.54655,7.27651
2.55055,7.75077
2.55455,8.1497
2.55856,8.18021
2.56256,8.01952
2.56657,7.79625
2.57057,7.37278
2.57457,6.94506
2.57858,6.86586
2.58258,6.8557
2.58659,6.85257
2.59059,7.03633
2.59459,7.31395
2.5986,7.34074
2.6026,7.19915
2.60661,6.98681
2.61061,6.54213
2.61461,6.00438
2.61862,5.6954
2.62262,5.47045
2.62663,5.37667
2.63063,5.54894
2.63463,5.86611
2.63864,6.0668
2.64264,6.22221
2.64665,6.29161
2.65065,6.10395
2.65465,5.7517
2.65866,5.45884
2.66266,5.1615
2.66667,5.02015
2.67067,5.12907
2.67467,5.36266
2.67868,5.6111
2.68268,5.93568
2.68669,6.11294
2.69069,6.04024
2.69469,5.87423
2.6987,5.647
2.7027,5.26764
2.70671,5.06064
2.71071,5.09104
2.71471,5.17026
2.71872,5.3247
2.72272,5.71588
2.72673,6.00452
2.73073,6.05898
2.73473,6.08982
2.73874,6.03652
2.74274,5.70185
2.74675,5.42935
2.75075,5.33523
2.75475,5.27587
2.75876,5.3155
2.76276,5.62825
2.76677,5.9187
2.77077,6.03298
2.77477,6.10866
2.77878,6.06134
2.78278,5.65548
2.78679,5.17693
2.79079,4.66873
2.79479,4.21871
2.7988,4.12311
2.8028,4.11328
2.80681,4.10971
2.81081,4.22042
2.81481,4.41809
2.81882,4.44784
2.82282,4.32152
2.82683,4.14764
2.83083,3.88997
2.83483,3.62212
2.83884,3.58038
2.84284,3.68786
2.84685,3.8588
2.85085,4.17832
2.85485,4.62801
2.85886,4.88038
2.86286,5.03717
2.86687,5.10991
2.87087,4.98117
2.87487,4.74082
2.87888,4.63808
2.88288,4.59315
2.88689,4.57365
2.89089,4.72419
2.89489,5.03898
2.8989,5.20119
2.9029,5.28592
2.90691,5.32492
2.91091,5.13809
2.91491,4.71142
2.91892,4.30641
2.92292,3.84279
2.92693,3.56934
2.93093,3.53033
2.93493,3.50969
2.93894,3.52083
2.94294,3.63499
2.94695,3.72709
2.95095,3.65553
2.95495,3.47568
2.95896,3.28062
2.96296,3.01489
2.96697,2.85748
2.97097,2.90006
2.97497,3.02586
2.97898,3.20182
2.98298,3.54127
2.98699,3.81365
2.99099,3.86396
2.99499,3.89159
2.999,3.86582
3.003,3.60937
3.00701,3.38886
3.01101,3.33941
3.01502,3.31085
3.01902,3.33076
3.02302,3.57088
3.02703,3.82775
3.03103,3.92707
3.03504,3.99424
3.03904,3.98306
3.04304,3.73785
3.04705,3.45534
3.05105,3.24252
3.05506,3.062
3.05906,3.03273
3.06306,3.17309
3.06707,3.36275
3.07107,3.53969
3.07508,3.71532
3.07908,3.74832
3.08308,3.60792
3.08709,3.40614
3.09109,3.14178
3.0951,2.85297
3.0991,2.7791
3.1031,2.78591
3.10711,2.79962
3.11111,2.88059
3.11512,3.0383
3.11912,3.07981
3.12312,2.97754
3.12713,2.81677
3.13113,2.55957
3.13514,2.24412
3.13914,2.12966
3.14314,2.09963
3.14715,2.08636
3.15115,2.18877
3.15516,2.46716
3.15916,2.66332
3.16316,2.79135
3.16717,2.86275
3.17117,2.80951
3.17518,2.68673
3.17918,2.64923
3.18318,2.67589
3.18719,2.72755
3.19119,2.87887
3.1952,3.18022
3.1992,3.3928
3.2032,3.53601
3.20721,3.61671
3.21121,3.53111
3.21522,3.27973
3.21922,3.02936
3.22322,2.72665
3.22723,2.53345
3.23123,2.52674
3.23524,2.52989
3.23924,2.53785
3.24324,2.58244
3.24725,2.62333
3.25125,2.5518
3.25526,2.33462
3.25926,2.10901
3.26326,1.81828
3.26727,1.63174
3.27127,1.63509
3.27528,1.67711
3.27928,1.74701
3.28328,1.95525
3.28729,2.16695
3.29129,2.2138
3.2953,2.23755
3.2993,2.23556
3.3033,2.11876
3.30731,2.00994
3.31131,2.02706
3.31532,2.10922
3.31932,2.22526
3.32332,2.46845
3.32733,2.6999
3.33133,2.75061
3.33534,2.7756
3.33934,2.76994
3.34334,2.55918
3.34735,2.30263
3.35135,2.14243
3.35536,2.01219
3.35936,1.97941
3.36336,2.08731
3.36737,2.23932
3.37137,2.34264
3.37538,2.43328
3.37938,2.45577
3.38338,2.33187
3.38739,2.15849
3.39139,2.00742
3.3954,1.85941
3.3994,1.81551
3.4034,1.88806
3.40741,2.00136
3.41141,2.10957
3.41542,2.22772
3.41942,2.26485
3.42342,2.16178
3.42743,1.997
3.43143,1.79386
3.43544,1.55297
3.43944,1.47301
3.44344,1.47912
3.44745,1.49266
3.45145,1.55954
3.45546,1.72758
3.45946,1.80163
3.46346,1.78956
3.46747,1.76482
3.47147,1.69657
3.47548,1.56682
3.47948,1.51847
3.48348,1.57685
3.48749,1.68686
3.49149,1.85116
3.4955,2.115
3.4995,2.28943
3.5035,2.37386
3.50751,2.42171
3.51151,2.37334
3.51552,2.20397
3.51952,2.0759
3.52352,1.991
3.52753,1.93815
3.53153,1.97
3.53554,2.08717
3.53954,2.14222
3.54354,2.13346
3.54755,2.11312
3.55155,2.01928
3.55556,1.76165
3.55956,1.52603
3.56356,1.29156
3.56757,1.13611
3.57157,1.13424
3.57558,1.18056
3.57958,1.23991
3.58358,1.33889
3.58759,1.42969
3.59159,1.42247
3.5956,1.36188
3.5996,1.30561
3.6036,1.25458
3.60761,1.21843
3.61161,1.25223
3.61562,1.41026
3.61962,1.58781
3.62362,1.78554
3.62763,1.94993
3.63163,1.95699
3.63564,1.91172
3.63964,1.84508
3.64364,1.67361
3.64765,1.51743
3.65165,1.50223
3.65566,1.5077
3.65966,1.51904
3.66366,1.62695
3.66767,1.76248
3.67167,1.77337
3.67568,1.7446
3.67968,1.6981
3.68368,1.54157
3.68769,1.37481
3.69169,1.31945
3.6957,1.29018
3.6997,1.28201
3.7037,1.38293
3.70771,1.52789
3.71171,1.56378
3.71572,1.57624
3.71972,1.57864
3.72372,1.45485
3.72773,1.27369
3.73173,1.15336
3.73574,1.05133
3.73974,1.01321
3.74374,1.06662
3.74775,1.1522
3.75175,1.19817
3.75576,1.23108
3.75976,1.24271
3.76376,1.15079
3.76777,1.01382
3.77177,0.924762
3.77578,0.850409
3.77978,0.822108
3.78378,0.899544
3.78779,1.04986
3.79179,1.18974
3.7958,1.34754
3.7998,1.42137
3.8038,1.40762
3.80781,1.38027
3.81181,1.34468
3.81582,1.29196
3.81982,1.26732
3.82382,1.33207
3.82783,1.45468
3.83183,1.56543
3.83584,1.6872
3.83984,1.74388
3.84384,1.6821
3.84785,1.55607
3.85185,1.39245
3.85586,1.1544
3.85986,0.986579
3.86386,0.884407
3.86787,0.819442
3.87187,0.824201
3.87588,0.884555
3.87988,0.922188
3.88388,0.910574
3.88789,0.88372
3.89189,0.831394
3.8959,0.724387
3.8999,0.671313
3.9039,0.689293
3.90791,0.731957
3.91191,0.805073
3.91592,0.963544
3.91992,1.09441
3.92392,1.14844
3.92793,1.18246
3.93193,1.16387
3.93594,1.05233
3.93994,0.964497
3.94394,0.923714
3.94795,0.897363
3.95195,0.912471
3.95596,1.01695
3.95996,1.11572
3.96396,1.16431
3.96797,1.19753
3.97197,1.182
3.97598,1.07311
3.97998,0.9679
3.98398,0.886513
3.98799,0.825381
3.99199,0.827425
3.996,0.898433
4,0.987316
