# 20260616_140459
# initdata:	data/XeXe544_cc_(0,5)plus5/initdata.csv
# freezeout file: 	data/XeXe544_cc_(0,5)plus5/freezeout.csv
# particle mass:	0.64
# NpT:	400
# pTmax:	4
# epsabs:	0
# epsrel:	1e-05
# integr iter:	10000
pT,spec
0,207779
0.0100251,198691
0.0200501,173397
0.0300752,137207
0.0401003,97192.9
0.0501253,60208.6
0.0601504,31185.3
0.0701754,12232.2
0.0802005,2719.05
0.0902256,146.053
0.100251,1357.95
0.110276,3622.12
0.120301,5242.67
0.130326,5633.15
0.140351,4994.92
0.150376,3857.99
0.160401,2712.53
0.170426,1838.44
0.180451,1309.08
0.190476,1073.79
0.200501,1033.43
0.210526,1079.28
0.220551,1113.83
0.230576,1075.27
0.240602,959.753
0.250627,816.351
0.260652,705.794
0.270677,651.288
0.280702,624.325
0.290727,578.997
0.300752,500.552
0.310777,418.559
0.320802,371.989
0.330827,365.392
0.340852,365.05
0.350877,338.566
0.360902,291.485
0.370927,258.153
0.380952,258.402
0.390977,272.627
0.401003,265.398
0.411028,228.099
0.421053,187.799
0.431078,172.122
0.441103,175.378
0.451128,168.767
0.461153,139.98
0.471178,109.621
0.481203,103.387
0.491228,117.914
0.501253,126.008
0.511278,113.105
0.521303,94.8384
0.531328,92.7055
0.541353,102.988
0.551378,102.428
0.561404,81.6248
0.571429,58.3833
0.581454,52.7704
0.591479,60.3583
0.601504,61.3376
0.611529,50.4196
0.621554,43.2041
0.631579,50.9164
0.641604,62.2998
0.651629,59.6379
0.661654,44.3114
0.671679,33.7888
0.681704,35.7132
0.691729,38.5698
0.701754,31.6767
0.711779,22.3306
0.721805,23.8001
0.73183,33.853
0.741855,37.599
0.75188,29.7574
0.761905,21.5167
0.77193,22.2568
0.781955,25.692
0.79198,21.6261
0.802005,13.294
0.81203,12.2978
0.822055,19.8775
0.83208,24.8095
0.842105,20.7877
0.85213,15.1282
0.862155,15.7271
0.87218,18.4397
0.882206,15.0798
0.892231,7.82031
0.902256,5.99265
0.912281,11.0464
0.922306,14.6297
0.932331,12.3498
0.942356,10.0506
0.952381,12.8156
0.962406,15.8631
0.972431,12.5979
0.982456,5.93557
0.992481,3.89995
1.00251,7.11557
1.01253,8.86873
1.02256,6.71924
1.03258,5.76162
1.04261,8.79332
1.05263,10.9385
1.06266,7.90207
1.07268,3.42038
1.08271,3.2076
1.09273,5.92995
1.10276,6.31395
1.11278,4.36338
1.12281,4.71477
1.13283,7.82145
1.14286,8.66002
1.15288,5.16364
1.16291,1.73813
1.17293,2.03448
1.18296,3.58827
1.19298,3.05317
1.20301,2.20236
1.21303,4.19632
1.22306,7.17801
1.23308,6.81794
1.24311,3.46715
1.25313,1.53443
1.26316,2.36334
1.27318,2.8723
1.28321,1.66125
1.29323,1.40002
1.30326,3.53573
1.31328,5.15232
1.32331,3.72112
1.33333,1.34086
1.34336,1.10726
1.35338,2.16534
1.36341,1.93895
1.37343,1.06505
1.38346,2.06581
1.39348,4.34911
1.40351,4.70811
1.41353,2.56285
1.42356,0.796884
1.43358,0.95225
1.44361,1.28199
1.45363,0.595245
1.46366,0.522718
1.47368,2.18192
1.48371,3.60735
1.49373,2.83022
1.50376,1.16599
1.51378,0.894191
1.52381,1.54284
1.53383,1.24768
1.54386,0.389698
1.55388,0.836326
1.56391,2.31728
1.57393,2.62894
1.58396,1.32748
1.59398,0.338525
1.60401,0.594477
1.61404,0.812163
1.62406,0.309865
1.63409,0.400623
1.64411,1.77893
1.65414,2.83718
1.66416,2.16988
1.67419,0.868219
1.68421,0.58505
1.69424,0.910198
1.70426,0.590489
1.71429,0.0468639
1.72431,0.516391
1.73434,1.55717
1.74436,1.63141
1.75439,0.734504
1.76441,0.30427
1.77444,0.673252
1.78446,0.723362
1.79449,0.20275
1.80451,0.285812
1.81454,1.32126
1.82456,1.95924
1.83459,1.33163
1.84461,0.41612
1.85464,0.266691
1.86466,0.412592
1.87469,0.151854
1.88471,0.0533811
1.89474,0.79549
1.90476,1.61265
1.91479,1.40311
1.92481,0.582616
1.93484,0.332923
1.94486,0.621721
1.95489,0.522116
1.96491,0.0773767
1.97494,0.211525
1.98496,0.916737
1.99499,1.13105
2.00501,0.55048
2.01504,0.0822484
2.02506,0.209433
2.03509,0.315202
2.04511,0.0746845
2.05514,0.15583
2.06516,0.8764
2.07519,1.38495
2.08521,1.00463
2.09524,0.361058
2.10526,0.279252
2.11529,0.468325
2.12531,0.284269
2.13534,0.00710213
2.14536,0.254417
2.15539,0.723764
2.16541,0.672365
2.17544,0.240006
2.18546,0.155067
2.19549,0.405374
2.20551,0.356196
2.21554,0.0451323
2.22556,0.177049
2.23559,0.787875
2.24561,1.05316
2.25564,0.635483
2.26566,0.176565
2.27569,0.145998
2.28571,0.193035
2.29574,0.0474143
2.30576,0.110072
2.31579,0.595824
2.32581,0.93107
2.33584,0.657784
2.34586,0.229355
2.35589,0.222682
2.36591,0.390285
2.37594,0.240489
2.38596,0.0048931
2.39599,0.192137
2.40602,0.591427
2.41604,0.590109
2.42607,0.216175
2.43609,0.0197522
2.44612,0.0982085
2.45614,0.0839456
2.46617,0.00185679
2.47619,0.26513
2.48622,0.784485
2.49624,0.929997
2.50627,0.537279
2.51629,0.175966
2.52632,0.198467
2.53634,0.264866
2.54637,0.104461
2.55639,0.0259936
2.56642,0.264739
2.57644,0.464953
2.58647,0.296486
2.59649,0.044774
2.60652,0.0764361
2.61654,0.199174
2.62657,0.103867
2.63659,0.0158206
2.64662,0.288159
2.65664,0.674681
2.66667,0.658291
2.67669,0.288465
2.68672,0.0584515
2.69674,0.0956575
2.70677,0.104863
2.71679,0.0323616
2.72682,0.138334
2.73684,0.394459
2.74687,0.433469
2.75689,0.197684
2.76692,0.0654294
2.77694,0.188654
2.78697,0.253011
2.79699,0.0916799
2.80702,0.00641816
2.81704,0.205991
2.82707,0.403119
2.83709,0.300634
2.84712,0.0724069
2.85714,0.00965749
2.86717,0.0482966
2.87719,0.0222587
2.88722,0.0623859
2.89724,0.323424
2.90727,0.572129
2.91729,0.490381
2.92732,0.205557
2.93734,0.087703
2.94737,0.161313
2.95739,0.156544
2.96742,0.0443389
2.97744,0.0602168
2.98747,0.221002
2.99749,0.265249
3.00752,0.11726
3.01754,0.00332975
3.02757,0.0324512
3.03759,0.048035
3.04762,0.000959528
3.05764,0.0879922
3.06767,0.356781
3.07769,0.520699
3.08772,0.377777
3.09774,0.124725
3.10777,0.0330533
3.11779,0.0691817
3.12782,0.0709287
3.13784,0.066957
3.14787,0.15191
3.15789,0.228837
3.16792,0.157534
3.17794,0.0281265
3.18797,0.0191617
3.19799,0.08858
3.20802,0.0717067
3.21805,0.00337785
3.22807,0.0626835
3.2381,0.235175
3.24812,0.304461
3.25815,0.189367
3.26817,0.0456804
3.2782,0.00306068
3.28822,0.0234427
3.29825,0.0618602
3.30827,0.151213
3.3183,0.259272
3.32832,0.258359
3.33835,0.12745
3.34837,0.0191147
3.3584,0.0346539
3.36842,0.0836509
3.37845,0.0617248
3.38847,0.0224992
3.3985,0.0571058
3.40852,0.123683
3.41855,0.123954
3.42857,0.0624232
3.4386,0.0133948
3.44862,0.000270572
3.45865,0.012613
3.46867,0.0757353
3.4787,0.193741
3.48872,0.276307
3.49875,0.232363
3.50877,0.104832
3.5188,0.0183513
3.52882,0.0208595
3.53885,0.0611209
3.54887,0.0912238
3.5589,0.115016
3.56892,0.117125
3.57895,0.0858074
3.58897,0.0434107
3.599,0.0237668
3.60902,0.0176491
3.61905,0.00331996
3.62907,0.00909198
3.6391,0.0752436
3.64912,0.168813
3.65915,0.207371
3.66917,0.162842
3.6792,0.0833261
3.68922,0.0232486
3.69925,0.00856352
3.70927,0.0515672
3.7193,0.132658
3.72932,0.180635
3.73935,0.140537
3.74937,0.0539203
3.7594,0.00777569
3.76942,0.0161924
3.77945,0.0230798
3.78947,0.00934161
3.7995,0.0150423
3.80952,0.0542413
3.81955,0.088166
3.82957,0.0928729
3.8396,0.0822523
3.84962,0.0597247
3.85965,0.0219993
3.86967,0.0124573
3.8797,0.0830524
3.88972,0.190368
3.89975,0.220612
3.90977,0.141977
3.9198,0.0447774
3.92982,0.00512782
3.93985,0.0023769
3.94987,0.00476162
3.9599,0.0336028
3.96992,0.0887468
3.97995,0.107654
3.98997,0.0658402
4,0.030997
